"No","Ch1","Ch2","Ch3","Ch4"
21566,0.206,0.158,0.262,0.374
21567,0.142,0.284,0.352,0.222
21568,0.2,0.466,0.12,0.214
21569,0.466,0.164,0.162,0.208
21570,0.102,0.308,0.492,0.098
21571,0.1,0.558,0.152,0.19
21572,0.164,0.16,0.438,0.238
21573,0.178,0.178,0.206,0.438
21574,0.168,0.316,0.294,0.222
21575,0.112,0.114,0.57,0.204
21576,0.24,0.2,0.272,0.288
21577,0.306,0.196,0.394,0.104
21578,0.372,0.252,0.166,0.21
21579,0.128,0.214,0.21,0.448
21580,0.104,0.454,0.17,0.272
21581,0.396,0.144,0.166,0.294
21582,0.128,0.206,0.354,0.312
21583,0.154,0.186,0.228,0.432
21584,0.216,0.312,0.16,0.312
21585,0.336,0.214,0.156,0.294
21586,0.182,0.452,0.164,0.202
21587,0.12,0.502,0.158,0.22
21588,0.158,0.156,0.42,0.266
21589,0.154,0.136,0.454,0.256
21590,0.15,0.138,0.43,0.282
21591,0.102,0.178,0.396,0.324
21592,0.142,0.298,0.132,0.428
21593,0.524,0.188,0.1,0.188
21594,0.15,0.154,0.228,0.468
21595,0.286,0.212,0.108,0.394
21596,0.138,0.614,0.09,0.158
21597,0.3,0.248,0.128,0.324
21598,0.116,0.374,0.294,0.216
21599,0.198,0.338,0.264,0.2
21600,0.122,0.242,0.11,0.526
21601,0.118,0.208,0.2,0.474
21602,0.108,0.42,0.268,0.204
21603,0.354,0.128,0.154,0.364
21604,0.126,0.17,0.402,0.302
21605,0.122,0.1,0.536,0.242
21606,0.254,0.11,0.412,0.224
21607,0.52,0.168,0.098,0.214
21608,0.214,0.456,0.094,0.236
21609,0.068,0.092,0.502,0.338
21610,0.306,0.346,0.09,0.258
21611,0.074,0.132,0.514,0.28
21612,0.52,0.144,0.244,0.092
21613,0.058,0.264,0.332,0.346
21614,0.086,0.38,0.264,0.27
21615,0.298,0.336,0.068,0.298
21616,0.174,0.062,0.618,0.146
21617,0.218,0.328,0.188,0.266
21618,0.248,0.114,0.234,0.404
21619,0.19,0.16,0.11,0.54
21620,0.09,0.648,0.058,0.204
21621,0.124,0.438,0.13,0.308
21622,0.126,0.286,0.146,0.442
21623,0.288,0.382,0.174,0.156
21624,0.342,0.326,0.16,0.172
21625,0.154,0.18,0.416,0.25
21626,0.442,0.232,0.148,0.178
21627,0.182,0.294,0.33,0.194
21628,0.308,0.398,0.162,0.132
21629,0.394,0.184,0.18,0.242
21630,0.178,0.192,0.252,0.378
21631,0.22,0.16,0.502,0.118
21632,0.168,0.23,0.414,0.188
21633,0.18,0.33,0.23,0.26
21634,0.26,0.514,0.142,0.084
21635,0.162,0.564,0.178,0.096
21636,0.4,0.266,0.148,0.186
21637,0.38,0.354,0.152,0.114
21638,0.202,0.404,0.302,0.092
21639,0.24,0.418,0.19,0.152
21640,0.372,0.292,0.206,0.13
21641,0.268,0.256,0.326,0.15
21642,0.468,0.146,0.236,0.15
21643,0.11,0.19,0.51,0.19
21644,0.298,0.226,0.228,0.248
21645,0.2,0.508,0.15,0.142
21646,0.14,0.224,0.388,0.248
21647,0.164,0.196,0.416,0.224
21648,0.31,0.166,0.332,0.192
21649,0.486,0.18,0.224,0.11
21650,0.162,0.25,0.348,0.24
21651,0.42,0.152,0.194,0.234
21652,0.178,0.118,0.234,0.47
21653,0.516,0.148,0.124,0.212
21654,0.63,0.09,0.118,0.162
21655,0.366,0.134,0.374,0.126
21656,0.378,0.118,0.256,0.248
21657,0.512,0.144,0.186,0.158
21658,0.42,0.172,0.174,0.234
21659,0.496,0.112,0.192,0.2
21660,0.158,0.142,0.228,0.472
21661,0.236,0.196,0.212,0.356
21662,0.106,0.544,0.076,0.274
21663,0.102,0.144,0.626,0.128
21664,0.112,0.294,0.22,0.374
21665,0.312,0.256,0.17,0.262
21666,0.176,0.378,0.142,0.304
21667,0.074,0.316,0.28,0.33
21668,0.334,0.222,0.146,0.298
21669,0.168,0.3,0.086,0.446
21670,0.124,0.452,0.094,0.33
21671,0.08,0.362,0.458,0.1
21672,0.076,0.214,0.384,0.326
21673,0.296,0.296,0.066,0.342
21674,0.396,0.136,0.206,0.262
21675,0.362,0.142,0.106,0.39
21676,0.15,0.598,0.11,0.142
21677,0.684,0.06,0.112,0.144
21678,0.106,0.336,0.428,0.13
21679,0.16,0.448,0.056,0.336
21680,0.318,0.108,0.42,0.154
21681,0.352,0.148,0.174,0.326
21682,0.308,0.298,0.134,0.26
21683,0.316,0.128,0.292,0.264
21684,0.36,0.158,0.17,0.312
21685,0.154,0.274,0.14,0.432
21686,0.124,0.394,0.268,0.214
21687,0.208,0.116,0.38,0.296
21688,0.302,0.15,0.146,0.402
21689,0.212,0.548,0.09,0.15
21690,0.518,0.252,0.104,0.126
21691,0.154,0.546,0.098,0.202
21692,0.082,0.338,0.458,0.122
21693,0.13,0.604,0.072,0.194
21694,0.178,0.318,0.1,0.404
21695,0.324,0.29,0.232,0.154
21696,0.502,0.206,0.096,0.196
21697,0.374,0.246,0.212,0.168
21698,0.204,0.082,0.568,0.146
21699,0.312,0.458,0.072,0.158
21700,0.354,0.188,0.122,0.336
21701,0.522,0.094,0.086,0.298
21702,0.148,0.316,0.158,0.378
21703,0.146,0.252,0.132,0.47
21704,0.142,0.208,0.382,0.268
21705,0.136,0.114,0.454,0.296
21706,0.1,0.388,0.112,0.4
21707,0.124,0.41,0.202,0.264
21708,0.09,0.46,0.176,0.274
21709,0.232,0.166,0.096,0.506
21710,0.306,0.126,0.102,0.466
21711,0.12,0.38,0.292,0.208
21712,0.104,0.244,0.094,0.558
21713,0.494,0.144,0.144,0.218
21714,0.122,0.51,0.124,0.244
21715,0.436,0.112,0.194,0.258
21716,0.09,0.18,0.238,0.492
21717,0.218,0.074,0.342,0.366
21718,0.284,0.362,0.104,0.25
21719,0.232,0.174,0.146,0.448
21720,0.436,0.19,0.12,0.254
21721,0.136,0.23,0.422,0.212
21722,0.44,0.212,0.148,0.2
21723,0.152,0.272,0.128,0.448
21724,0.452,0.16,0.16,0.228
21725,0.116,0.26,0.132,0.492
21726,0.1,0.314,0.264,0.322
21727,0.234,0.096,0.528,0.142
21728,0.116,0.116,0.308,0.46
21729,0.222,0.23,0.084,0.464
21730,0.344,0.12,0.128,0.408
21731,0.302,0.206,0.318,0.174
21732,0.25,0.214,0.098,0.438
21733,0.466,0.262,0.09,0.182
21734,0.106,0.554,0.186,0.154
21735,0.232,0.238,0.108,0.422
21736,0.554,0.202,0.074,0.17
21737,0.276,0.214,0.348,0.162
21738,0.328,0.246,0.26,0.166
21739,0.226,0.348,0.296,0.13
21740,0.122,0.446,0.286,0.146
21741,0.122,0.336,0.238,0.304
21742,0.142,0.342,0.322,0.194
21743,0.474,0.178,0.11,0.238
21744,0.346,0.262,0.3,0.092
21745,0.25,0.13,0.29,0.33
21746,0.262,0.372,0.128,0.238
21747,0.376,0.36,0.12,0.144
21748,0.332,0.29,0.188,0.19
21749,0.11,0.346,0.304,0.24
21750,0.128,0.18,0.472,0.22
21751,0.356,0.094,0.354,0.196
21752,0.434,0.118,0.146,0.302
21753,0.29,0.174,0.204,0.332
21754,0.124,0.414,0.164,0.298
21755,0.132,0.17,0.33,0.368
21756,0.156,0.444,0.15,0.25
21757,0.226,0.452,0.07,0.252
21758,0.228,0.36,0.102,0.31
21759,0.282,0.312,0.214,0.192
21760,0.21,0.084,0.326,0.38
21761,0.112,0.158,0.502,0.228
21762,0.096,0.702,0.046,0.156
21763,0.494,0.11,0.082,0.314
21764,0.25,0.054,0.528,0.168
21765,0.432,0.1,0.172,0.296
21766,0.092,0.446,0.108,0.354
21767,0.09,0.194,0.432,0.284
21768,0.076,0.446,0.326,0.152
21769,0.18,0.184,0.108,0.528
21770,0.14,0.36,0.242,0.258
21771,0.074,0.12,0.398,0.408
21772,0.11,0.278,0.3,0.312
21773,0.194,0.43,0.13,0.246
21774,0.084,0.188,0.454,0.274
21775,0.278,0.27,0.224,0.228
21776,0.43,0.162,0.172,0.236
21777,0.108,0.092,0.438,0.362
21778,0.308,0.152,0.156,0.384
21779,0.442,0.148,0.106,0.304
21780,0.164,0.16,0.448,0.228
21781,0.114,0.08,0.622,0.184
21782,0.352,0.122,0.376,0.15
21783,0.266,0.164,0.162,0.408
21784,0.594,0.194,0.11,0.102
21785,0.154,0.478,0.264,0.104
21786,0.15,0.164,0.212,0.474
21787,0.134,0.578,0.07,0.218
21788,0.396,0.21,0.09,0.304
21789,0.072,0.206,0.202,0.52
21790,0.47,0.124,0.134,0.272
21791,0.248,0.198,0.144,0.41
21792,0.078,0.226,0.43,0.266
21793,0.146,0.17,0.534,0.15
21794,0.1,0.36,0.288,0.252
21795,0.27,0.11,0.436,0.184
21796,0.248,0.228,0.248,0.276
21797,0.332,0.372,0.122,0.174
21798,0.462,0.082,0.244,0.212
21799,0.15,0.164,0.196,0.49
21800,0.108,0.144,0.298,0.45
21801,0.164,0.216,0.288,0.332
21802,0.082,0.192,0.372,0.354
21803,0.13,0.112,0.438,0.32
21804,0.344,0.338,0.148,0.17
21805,0.422,0.1,0.136,0.342
21806,0.134,0.388,0.192,0.286
21807,0.144,0.382,0.126,0.348
21808,0.288,0.132,0.174,0.406
21809,0.504,0.106,0.118,0.272
21810,0.638,0.084,0.14,0.138
21811,0.172,0.526,0.214,0.088
21812,0.166,0.118,0.468,0.248
21813,0.248,0.396,0.13,0.226
21814,0.142,0.408,0.32,0.13
21815,0.312,0.148,0.284,0.256
21816,0.244,0.392,0.138,0.226
21817,0.22,0.168,0.474,0.138
21818,0.168,0.162,0.306,0.364
21819,0.232,0.182,0.13,0.456
21820,0.55,0.15,0.114,0.186
21821,0.15,0.158,0.412,0.28
21822,0.36,0.402,0.112,0.126
21823,0.13,0.312,0.328,0.23
21824,0.11,0.426,0.328,0.136
21825,0.124,0.346,0.132,0.398
21826,0.148,0.522,0.262,0.068
21827,0.12,0.174,0.572,0.134
21828,0.13,0.428,0.156,0.286
21829,0.13,0.284,0.454,0.132
21830,0.224,0.198,0.36,0.218
21831,0.198,0.302,0.116,0.384
21832,0.238,0.378,0.112,0.272
21833,0.47,0.138,0.238,0.154
21834,0.496,0.186,0.142,0.176
21835,0.14,0.364,0.176,0.32
21836,0.102,0.154,0.482,0.262
21837,0.158,0.138,0.314,0.39
21838,0.152,0.19,0.514,0.144
21839,0.104,0.482,0.15,0.264
21840,0.382,0.178,0.23,0.21
21841,0.344,0.206,0.174,0.276
21842,0.096,0.244,0.534,0.126
21843,0.404,0.106,0.184,0.306
21844,0.106,0.466,0.214,0.214
21845,0.226,0.144,0.252,0.378
21846,0.158,0.406,0.188,0.248
21847,0.454,0.106,0.218,0.222
21848,0.194,0.162,0.146,0.498
21849,0.294,0.416,0.112,0.178
21850,0.454,0.212,0.104,0.23
21851,0.186,0.54,0.098,0.176
21852,0.416,0.236,0.106,0.242
21853,0.1,0.19,0.34,0.37
21854,0.388,0.136,0.156,0.32
21855,0.134,0.33,0.13,0.406
21856,0.426,0.204,0.258,0.112
21857,0.112,0.326,0.126,0.436
21858,0.518,0.128,0.094,0.26
21859,0.422,0.118,0.152,0.308
21860,0.458,0.216,0.096,0.23
21861,0.112,0.182,0.554,0.152
21862,0.07,0.53,0.21,0.19
21863,0.114,0.344,0.178,0.364
21864,0.282,0.422,0.092,0.204
21865,0.138,0.224,0.458,0.18
21866,0.194,0.142,0.498,0.166
21867,0.116,0.106,0.22,0.558
21868,0.14,0.108,0.382,0.37
21869,0.298,0.11,0.144,0.448
21870,0.176,0.162,0.27,0.392
21871,0.542,0.178,0.12,0.16
21872,0.086,0.356,0.292,0.266
21873,0.388,0.336,0.186,0.09
21874,0.082,0.622,0.112,0.184
21875,0.35,0.296,0.092,0.262
21876,0.61,0.114,0.112,0.164
21877,0.11,0.402,0.122,0.366
21878,0.378,0.45,0.06,0.112
21879,0.204,0.21,0.16,0.426
21880,0.506,0.138,0.2,0.156
21881,0.124,0.228,0.19,0.458
21882,0.17,0.146,0.218,0.466
21883,0.11,0.232,0.194,0.464
21884,0.168,0.456,0.082,0.294
21885,0.104,0.404,0.09,0.402
21886,0.228,0.22,0.108,0.444
21887,0.136,0.104,0.436,0.324
21888,0.098,0.216,0.496,0.19
21889,0.206,0.264,0.218,0.312
21890,0.236,0.174,0.228,0.362
21891,0.314,0.202,0.306,0.178
21892,0.152,0.278,0.192,0.378
21893,0.146,0.322,0.154,0.378
21894,0.11,0.162,0.278,0.45
21895,0.108,0.158,0.53,0.204
21896,0.318,0.25,0.26,0.172
21897,0.18,0.406,0.232,0.182
21898,0.154,0.274,0.286,0.286
21899,0.198,0.19,0.458,0.154
21900,0.172,0.158,0.176,0.494
21901,0.17,0.424,0.136,0.27
21902,0.112,0.194,0.432,0.262
21903,0.13,0.132,0.494,0.244
21904,0.18,0.152,0.304,0.364
21905,0.134,0.316,0.226,0.324
21906,0.162,0.244,0.154,0.44
21907,0.134,0.242,0.186,0.438
21908,0.314,0.246,0.16,0.28
21909,0.23,0.18,0.336,0.254
21910,0.384,0.218,0.142,0.256
21911,0.236,0.456,0.176,0.132
21912,0.168,0.448,0.106,0.278
21913,0.128,0.366,0.168,0.338
21914,0.154,0.13,0.192,0.524
21915,0.192,0.214,0.322,0.272
21916,0.162,0.124,0.198,0.516
21917,0.13,0.148,0.14,0.582
21918,0.078,0.168,0.598,0.156
21919,0.246,0.076,0.552,0.126
21920,0.132,0.258,0.13,0.48
21921,0.146,0.584,0.08,0.19
21922,0.342,0.268,0.106,0.284
21923,0.144,0.128,0.184,0.544
21924,0.142,0.15,0.218,0.49
21925,0.326,0.29,0.192,0.192
21926,0.27,0.12,0.128,0.482
21927,0.12,0.184,0.398,0.298
21928,0.142,0.412,0.1,0.346
21929,0.132,0.146,0.17,0.552
21930,0.082,0.26,0.22,0.438
21931,0.114,0.224,0.188,0.474
21932,0.158,0.088,0.41,0.344
21933,0.13,0.338,0.106,0.426
21934,0.114,0.37,0.166,0.35
21935,0.15,0.198,0.174,0.478
21936,0.21,0.228,0.15,0.412
21937,0.122,0.13,0.454,0.294
21938,0.12,0.318,0.148,0.414
21939,0.114,0.27,0.154,0.462
21940,0.394,0.196,0.126,0.284
21941,0.154,0.108,0.262,0.476
21942,0.152,0.472,0.18,0.196
21943,0.138,0.296,0.14,0.426
21944,0.124,0.436,0.25,0.19
21945,0.134,0.274,0.134,0.458
21946,0.324,0.198,0.196,0.282
21947,0.426,0.208,0.154,0.212
21948,0.126,0.472,0.224,0.178
21949,0.166,0.272,0.136,0.426
21950,0.114,0.396,0.124,0.366
21951,0.136,0.234,0.332,0.298
21952,0.278,0.15,0.154,0.418
21953,0.26,0.276,0.11,0.354
21954,0.186,0.158,0.166,0.49
21955,0.28,0.134,0.198,0.388
21956,0.14,0.162,0.184,0.514
21957,0.324,0.128,0.272,0.276
21958,0.07,0.58,0.184,0.166
21959,0.14,0.198,0.14,0.522
21960,0.128,0.428,0.112,0.332
21961,0.208,0.124,0.404,0.264
21962,0.434,0.178,0.118,0.27
21963,0.116,0.518,0.234,0.132
21964,0.126,0.126,0.592,0.156
21965,0.122,0.154,0.28,0.444
21966,0.15,0.128,0.284,0.438
21967,0.436,0.124,0.22,0.22
21968,0.286,0.366,0.078,0.27
21969,0.126,0.174,0.16,0.54
21970,0.25,0.21,0.116,0.424
21971,0.146,0.294,0.452,0.108
21972,0.276,0.14,0.116,0.468
21973,0.46,0.138,0.09,0.312
21974,0.492,0.172,0.098,0.238
21975,0.132,0.1,0.272,0.496
21976,0.32,0.252,0.314,0.114
21977,0.104,0.308,0.19,0.398
21978,0.226,0.084,0.192,0.498
21979,0.216,0.188,0.092,0.504
21980,0.084,0.534,0.116,0.266
21981,0.108,0.348,0.2,0.344
21982,0.16,0.144,0.186,0.51
21983,0.114,0.106,0.284,0.496
21984,0.19,0.172,0.194,0.444
21985,0.11,0.586,0.086,0.218
21986,0.096,0.136,0.63,0.138
21987,0.126,0.226,0.198,0.45
21988,0.208,0.23,0.168,0.394
21989,0.14,0.272,0.16,0.428
21990,0.11,0.268,0.186,0.436
21991,0.26,0.186,0.156,0.398
21992,0.144,0.24,0.128,0.488
21993,0.134,0.402,0.112,0.352
21994,0.1,0.312,0.48,0.108
21995,0.096,0.17,0.27,0.464
21996,0.274,0.228,0.082,0.416
21997,0.286,0.102,0.198,0.414
21998,0.25,0.128,0.118,0.504
21999,0.148,0.584,0.112,0.156
22000,0.604,0.066,0.17,0.16
22001,0.144,0.472,0.23,0.154
22002,0.166,0.36,0.108,0.366
22003,0.116,0.204,0.446,0.234
22004,0.414,0.252,0.124,0.21
22005,0.248,0.146,0.294,0.312
22006,0.126,0.31,0.226,0.338
22007,0.25,0.46,0.108,0.182
22008,0.114,0.216,0.41,0.26
22009,0.328,0.112,0.298,0.262
22010,0.124,0.428,0.128,0.32
22011,0.09,0.272,0.346,0.292
22012,0.202,0.272,0.178,0.348
22013,0.162,0.18,0.424,0.234
22014,0.146,0.108,0.596,0.15
22015,0.122,0.122,0.358,0.398
22016,0.108,0.324,0.192,0.376
22017,0.118,0.52,0.196,0.166
22018,0.302,0.176,0.272,0.25
22019,0.29,0.12,0.258,0.332
22020,0.164,0.16,0.29,0.386
22021,0.152,0.23,0.254,0.364
22022,0.392,0.182,0.148,0.278
22023,0.27,0.168,0.302,0.26
22024,0.196,0.172,0.176,0.456
22025,0.268,0.18,0.124,0.428
22026,0.532,0.134,0.118,0.216
22027,0.306,0.13,0.132,0.432
22028,0.332,0.15,0.16,0.358
22029,0.134,0.168,0.152,0.546
22030,0.328,0.11,0.386,0.176
22031,0.184,0.182,0.108,0.526
22032,0.15,0.238,0.142,0.47
22033,0.126,0.098,0.596,0.18
22034,0.526,0.122,0.116,0.236
22035,0.2,0.168,0.12,0.512
22036,0.388,0.178,0.14,0.294
22037,0.186,0.228,0.096,0.49
22038,0.168,0.246,0.098,0.488
22039,0.378,0.26,0.158,0.204
22040,0.21,0.336,0.164,0.29
22041,0.27,0.116,0.434,0.18
22042,0.276,0.176,0.358,0.19
22043,0.228,0.462,0.146,0.164
22044,0.21,0.112,0.31,0.368
22045,0.084,0.428,0.26,0.228
22046,0.252,0.172,0.284,0.292
22047,0.182,0.284,0.256,0.278
22048,0.114,0.56,0.168,0.158
22049,0.114,0.486,0.14,0.26
22050,0.146,0.4,0.26,0.194
22051,0.218,0.184,0.454,0.144
22052,0.232,0.376,0.216,0.176
22053,0.076,0.552,0.208,0.164
22054,0.142,0.18,0.54,0.138
22055,0.212,0.298,0.394,0.096
22056,0.198,0.28,0.42,0.102
22057,0.348,0.134,0.316,0.202
22058,0.158,0.55,0.186,0.106
22059,0.332,0.424,0.068,0.176
22060,0.244,0.144,0.094,0.518
22061,0.108,0.162,0.486,0.244
22062,0.076,0.238,0.57,0.116
22063,0.068,0.616,0.146,0.17
22064,0.596,0.108,0.098,0.198
22065,0.12,0.17,0.41,0.3
22066,0.434,0.088,0.164,0.314
22067,0.41,0.178,0.102,0.31
22068,0.124,0.652,0.074,0.15
22069,0.09,0.41,0.106,0.394
22070,0.23,0.14,0.086,0.544
22071,0.322,0.138,0.088,0.452
22072,0.078,0.5,0.296,0.126
22073,0.14,0.16,0.206,0.494
22074,0.044,0.744,0.07,0.142
22075,0.134,0.2,0.21,0.456
22076,0.726,0.112,0.042,0.12
22077,0.15,0.104,0.06,0.686
22078,0.254,0.134,0.128,0.484
22079,0.386,0.112,0.118,0.384
22080,0.134,0.118,0.474,0.274
22081,0.102,0.546,0.108,0.244
22082,0.484,0.138,0.126,0.252
22083,0.082,0.488,0.122,0.308
22084,0.168,0.172,0.114,0.546
22085,0.254,0.088,0.192,0.466
22086,0.14,0.282,0.104,0.474
22087,0.108,0.08,0.276,0.536
22088,0.122,0.252,0.122,0.504
22089,0.076,0.466,0.152,0.306
22090,0.108,0.176,0.236,0.48
22091,0.09,0.108,0.606,0.196
22092,0.464,0.19,0.106,0.24
22093,0.104,0.168,0.44,0.288
22094,0.146,0.098,0.328,0.428
22095,0.118,0.182,0.162,0.538
22096,0.128,0.09,0.544,0.238
22097,0.404,0.126,0.114,0.356
22098,0.27,0.148,0.44,0.142
22099,0.168,0.34,0.138,0.354
22100,0.118,0.21,0.504,0.168
22101,0.406,0.202,0.17,0.222
22102,0.144,0.35,0.178,0.328
22103,0.286,0.196,0.208,0.31
22104,0.296,0.218,0.148,0.338
22105,0.11,0.304,0.156,0.43
22106,0.49,0.15,0.142,0.218
22107,0.144,0.158,0.454,0.244
22108,0.27,0.184,0.248,0.298
22109,0.294,0.364,0.11,0.232
22110,0.164,0.15,0.162,0.524
22111,0.348,0.184,0.184,0.284
22112,0.104,0.24,0.388,0.268
22113,0.13,0.432,0.158,0.28
22114,0.17,0.142,0.202,0.486
22115,0.204,0.174,0.158,0.464
22116,0.108,0.248,0.406,0.238
22117,0.166,0.194,0.456,0.184
22118,0.53,0.146,0.126,0.198
22119,0.108,0.552,0.1,0.24
22120,0.116,0.116,0.476,0.292
22121,0.126,0.224,0.168,0.482
22122,0.13,0.224,0.544,0.102
22123,0.082,0.51,0.124,0.284
22124,0.118,0.324,0.248,0.31
22125,0.234,0.126,0.176,0.464
22126,0.172,0.1,0.238,0.49
22127,0.508,0.114,0.152,0.226
22128,0.378,0.206,0.184,0.232
22129,0.146,0.114,0.228,0.512
22130,0.126,0.216,0.52,0.138
22131,0.538,0.138,0.17,0.154
22132,0.134,0.24,0.36,0.266
22133,0.104,0.118,0.546,0.232
22134,0.232,0.116,0.15,0.502
22135,0.522,0.124,0.114,0.24
22136,0.216,0.336,0.074,0.374
22137,0.128,0.32,0.264,0.288
22138,0.16,0.47,0.072,0.298
22139,0.132,0.326,0.252,0.29
22140,0.05,0.098,0.488,0.364
22141,0.05,0.2,0.366,0.384
22142,0.156,0.056,0.538,0.25
22143,0.06,0.416,0.172,0.352
22144,0.04,0.152,0.678,0.13
22145,0.094,0.08,0.484,0.342
22146,0.09,0.066,0.492,0.352
22147,0.186,0.066,0.38,0.368
22148,0.508,0.068,0.042,0.382
22149,0.056,0.502,0.05,0.392
22150,0.09,0.064,0.706,0.14
22151,0.098,0.06,0.55,0.292
22152,0.132,0.062,0.056,0.75
22153,0.054,0.414,0.408,0.124
22154,0.026,0.566,0.054,0.354
22155,0.14,0.252,0.238,0.37
22156,0.102,0.498,0.178,0.222
22157,0.1,0.386,0.342,0.172
22158,0.122,0.336,0.11,0.432
22159,0.112,0.274,0.444,0.17
22160,0.148,0.226,0.11,0.516
22161,0.104,0.276,0.176,0.444
22162,0.108,0.172,0.486,0.234
22163,0.348,0.12,0.124,0.408
22164,0.086,0.112,0.562,0.24
22165,0.096,0.464,0.164,0.276
22166,0.45,0.344,0.106,0.1
22167,0.442,0.244,0.16,0.154
22168,0.162,0.116,0.488,0.234
22169,0.402,0.096,0.154,0.348
22170,0.058,0.28,0.504,0.158
22171,0.084,0.34,0.344,0.232
22172,0.17,0.114,0.128,0.588
22173,0.152,0.544,0.07,0.234
22174,0.39,0.192,0.168,0.25
22175,0.122,0.408,0.136,0.334
22176,0.24,0.15,0.222,0.388
22177,0.194,0.126,0.164,0.516
22178,0.358,0.268,0.15,0.224
22179,0.11,0.282,0.094,0.514
22180,0.206,0.144,0.41,0.24
22181,0.122,0.47,0.158,0.25
22182,0.378,0.12,0.2,0.302
22183,0.186,0.472,0.118,0.224
22184,0.22,0.084,0.15,0.546
22185,0.24,0.242,0.078,0.44
22186,0.126,0.416,0.128,0.33
22187,0.172,0.254,0.098,0.476
22188,0.284,0.21,0.206,0.3
22189,0.158,0.112,0.358,0.372
22190,0.124,0.428,0.136,0.312
22191,0.228,0.138,0.422,0.212
22192,0.114,0.13,0.202,0.554
22193,0.114,0.184,0.192,0.51
22194,0.254,0.218,0.094,0.434
22195,0.24,0.46,0.176,0.124
22196,0.25,0.162,0.128,0.46
22197,0.104,0.448,0.102,0.346
22198,0.14,0.13,0.16,0.57
22199,0.584,0.11,0.118,0.188
22200,0.442,0.096,0.106,0.356
22201,0.148,0.558,0.096,0.198
22202,0.506,0.19,0.088,0.216
22203,0.524,0.176,0.114,0.186
22204,0.172,0.218,0.072,0.538
22205,0.264,0.168,0.23,0.338
22206,0.108,0.126,0.314,0.452
22207,0.11,0.11,0.308,0.472
22208,0.326,0.212,0.13,0.332
22209,0.192,0.146,0.108,0.554
22210,0.104,0.158,0.152,0.586
22211,0.114,0.218,0.1,0.568
22212,0.084,0.3,0.306,0.31
22213,0.172,0.23,0.196,0.402
22214,0.106,0.212,0.374,0.308
22215,0.116,0.2,0.49,0.194
22216,0.506,0.16,0.132,0.202
22217,0.082,0.214,0.41,0.294
22218,0.112,0.234,0.13,0.524
22219,0.272,0.104,0.134,0.49
22220,0.59,0.118,0.12,0.172
22221,0.12,0.16,0.182,0.538
22222,0.57,0.14,0.14,0.15
22223,0.182,0.276,0.094,0.448
22224,0.176,0.138,0.186,0.5
22225,0.536,0.182,0.102,0.18
22226,0.108,0.116,0.584,0.192
22227,0.402,0.194,0.224,0.18
22228,0.086,0.514,0.104,0.296
22229,0.186,0.33,0.08,0.404
22230,0.228,0.126,0.484,0.162
22231,0.6,0.126,0.126,0.148
22232,0.382,0.186,0.128,0.304
22233,0.144,0.156,0.298,0.402
22234,0.302,0.442,0.068,0.188
22235,0.352,0.126,0.134,0.388
22236,0.614,0.092,0.128,0.166
22237,0.306,0.128,0.196,0.37
22238,0.086,0.214,0.466,0.234
22239,0.124,0.552,0.16,0.164
22240,0.102,0.248,0.26,0.39
22241,0.198,0.226,0.16,0.416
22242,0.42,0.176,0.086,0.318
22243,0.09,0.46,0.114,0.336
22244,0.254,0.522,0.054,0.17
22245,0.46,0.118,0.11,0.312
22246,0.11,0.446,0.14,0.304
22247,0.108,0.158,0.442,0.292
22248,0.39,0.132,0.362,0.116
22249,0.096,0.136,0.342,0.426
22250,0.378,0.152,0.176,0.294
22251,0.102,0.122,0.294,0.482
22252,0.146,0.088,0.484,0.282
22253,0.196,0.408,0.09,0.306
22254,0.096,0.1,0.324,0.48
22255,0.122,0.096,0.21,0.572
22256,0.22,0.08,0.2,0.5
22257,0.438,0.102,0.176,0.284
22258,0.082,0.322,0.352,0.244
22259,0.18,0.102,0.15,0.568
22260,0.096,0.112,0.222,0.57
22261,0.118,0.102,0.346,0.434
22262,0.344,0.198,0.092,0.366
22263,0.096,0.188,0.084,0.632
22264,0.356,0.19,0.108,0.346
22265,0.206,0.138,0.442,0.214
22266,0.148,0.074,0.252,0.526
22267,0.09,0.076,0.386,0.448
22268,0.246,0.15,0.106,0.498
22269,0.224,0.54,0.112,0.124
22270,0.192,0.172,0.332,0.304
22271,0.17,0.236,0.394,0.2
22272,0.172,0.45,0.084,0.294
22273,0.26,0.26,0.236,0.244
22274,0.174,0.46,0.098,0.268
22275,0.096,0.476,0.156,0.272
22276,0.132,0.228,0.296,0.344
22277,0.286,0.17,0.41,0.134
22278,0.108,0.268,0.346,0.278
22279,0.456,0.198,0.116,0.23
22280,0.294,0.106,0.154,0.446
22281,0.592,0.122,0.128,0.158
22282,0.106,0.288,0.47,0.136
22283,0.148,0.184,0.228,0.44
22284,0.284,0.18,0.398,0.138
22285,0.116,0.32,0.112,0.452
22286,0.158,0.094,0.42,0.328
22287,0.346,0.194,0.1,0.36
22288,0.356,0.23,0.17,0.244
22289,0.2,0.48,0.144,0.176
22290,0.268,0.172,0.34,0.22
22291,0.46,0.194,0.132,0.214
22292,0.35,0.218,0.178,0.254
22293,0.226,0.426,0.126,0.222
22294,0.322,0.258,0.188,0.232
22295,0.21,0.25,0.422,0.118
22296,0.268,0.208,0.214,0.31
22297,0.22,0.234,0.368,0.178
22298,0.174,0.25,0.41,0.166
22299,0.172,0.418,0.204,0.206
22300,0.404,0.266,0.144,0.186
22301,0.142,0.196,0.55,0.112
22302,0.194,0.454,0.158,0.194
22303,0.274,0.272,0.22,0.234
22304,0.214,0.416,0.116,0.254
22305,0.172,0.35,0.22,0.258
22306,0.198,0.204,0.418,0.18
22307,0.188,0.3,0.17,0.342
22308,0.156,0.308,0.238,0.298
22309,0.352,0.128,0.134,0.386
22310,0.272,0.106,0.214,0.408
22311,0.168,0.44,0.12,0.272
22312,0.498,0.15,0.132,0.22
22313,0.436,0.19,0.144,0.23
22314,0.312,0.284,0.146,0.258
22315,0.296,0.246,0.1,0.358
22316,0.116,0.414,0.114,0.356
22317,0.124,0.41,0.164,0.302
22318,0.184,0.096,0.448,0.272
22319,0.29,0.254,0.144,0.312
22320,0.112,0.28,0.386,0.222
22321,0.26,0.152,0.172,0.416
22322,0.11,0.144,0.392,0.354
22323,0.126,0.276,0.22,0.378
22324,0.146,0.36,0.272,0.222
22325,0.166,0.238,0.138,0.458
22326,0.352,0.15,0.204,0.294
22327,0.4,0.268,0.178,0.154
22328,0.208,0.142,0.318,0.332
22329,0.282,0.162,0.188,0.368
22330,0.226,0.152,0.298,0.324
22331,0.174,0.228,0.158,0.44
22332,0.18,0.148,0.236,0.436
22333,0.446,0.132,0.258,0.164
22334,0.152,0.132,0.354,0.362
22335,0.336,0.238,0.2,0.226
22336,0.39,0.192,0.202,0.216
22337,0.17,0.284,0.322,0.224
22338,0.146,0.212,0.124,0.518
22339,0.178,0.152,0.424,0.246
22340,0.136,0.276,0.126,0.462
22341,0.244,0.138,0.17,0.448
22342,0.212,0.222,0.35,0.216
22343,0.142,0.524,0.144,0.19
22344,0.178,0.338,0.33,0.154
22345,0.448,0.164,0.194,0.194
22346,0.342,0.214,0.17,0.274
22347,0.136,0.294,0.368,0.202
22348,0.12,0.286,0.43,0.164
22349,0.298,0.254,0.268,0.18
22350,0.354,0.214,0.302,0.13
22351,0.222,0.17,0.436,0.172
22352,0.52,0.138,0.158,0.184
22353,0.162,0.188,0.382,0.268
22354,0.166,0.508,0.116,0.21
22355,0.19,0.264,0.194,0.352
22356,0.144,0.13,0.452,0.274
22357,0.156,0.468,0.194,0.182
22358,0.57,0.13,0.156,0.144
22359,0.256,0.328,0.266,0.15
22360,0.166,0.464,0.118,0.252
22361,0.244,0.248,0.164,0.344
22362,0.22,0.202,0.308,0.27
22363,0.15,0.202,0.258,0.39
22364,0.296,0.19,0.258,0.256
22365,0.198,0.244,0.338,0.22
22366,0.286,0.218,0.408,0.088
22367,0.49,0.126,0.178,0.206
22368,0.208,0.5,0.1,0.192
22369,0.156,0.578,0.114,0.152
22370,0.17,0.32,0.2,0.31
22371,0.406,0.118,0.116,0.36
22372,0.438,0.294,0.102,0.166
22373,0.368,0.116,0.14,0.376
22374,0.266,0.492,0.092,0.15
22375,0.082,0.634,0.084,0.2
22376,0.31,0.136,0.092,0.462
22377,0.282,0.32,0.144,0.254
22378,0.138,0.104,0.632,0.126
22379,0.32,0.368,0.096,0.216
22380,0.098,0.206,0.24,0.456
22381,0.11,0.412,0.108,0.37
22382,0.078,0.382,0.138,0.402
22383,0.232,0.128,0.282,0.358
22384,0.284,0.432,0.136,0.148
22385,0.27,0.128,0.296,0.306
22386,0.172,0.32,0.386,0.122
22387,0.224,0.164,0.214,0.398
22388,0.362,0.24,0.116,0.282
22389,0.146,0.288,0.34,0.226
22390,0.238,0.194,0.126,0.442
22391,0.328,0.19,0.182,0.3
22392,0.222,0.242,0.126,0.41
22393,0.118,0.192,0.38,0.31
22394,0.118,0.248,0.21,0.424
22395,0.328,0.26,0.116,0.296
22396,0.138,0.126,0.216,0.52
22397,0.428,0.19,0.118,0.264
22398,0.172,0.144,0.356,0.328
22399,0.098,0.182,0.594,0.126
22400,0.114,0.18,0.562,0.144
22401,0.52,0.114,0.126,0.24
22402,0.176,0.32,0.232,0.272
22403,0.178,0.162,0.27,0.39
22404,0.448,0.104,0.294,0.154
22405,0.1,0.35,0.142,0.408
22406,0.094,0.398,0.128,0.38
22407,0.166,0.13,0.344,0.36
22408,0.088,0.146,0.576,0.19
22409,0.32,0.196,0.34,0.144
22410,0.152,0.488,0.286,0.074
22411,0.134,0.3,0.384,0.182
22412,0.164,0.262,0.444,0.13
22413,0.13,0.142,0.184,0.544
22414,0.168,0.552,0.09,0.19
22415,0.068,0.22,0.54,0.172
22416,0.098,0.18,0.514,0.208
22417,0.214,0.1,0.336,0.35
22418,0.102,0.498,0.186,0.214
22419,0.126,0.268,0.138,0.468
22420,0.102,0.354,0.186,0.358
22421,0.352,0.13,0.364,0.154
22422,0.196,0.254,0.136,0.414
22423,0.12,0.164,0.582,0.134
22424,0.426,0.192,0.13,0.252
22425,0.146,0.278,0.128,0.448
22426,0.336,0.164,0.18,0.32
22427,0.35,0.214,0.128,0.308
22428,0.098,0.228,0.128,0.546
22429,0.51,0.098,0.164,0.228
22430,0.134,0.13,0.478,0.258
22431,0.224,0.146,0.182,0.448
22432,0.266,0.384,0.158,0.192
22433,0.142,0.148,0.124,0.586
22434,0.312,0.166,0.112,0.41
22435,0.096,0.186,0.432,0.286
22436,0.088,0.436,0.116,0.36
22437,0.184,0.128,0.148,0.54
22438,0.166,0.16,0.11,0.564
22439,0.11,0.174,0.458,0.258
22440,0.16,0.344,0.282,0.214
22441,0.308,0.29,0.316,0.086
22442,0.156,0.322,0.334,0.188
22443,0.24,0.384,0.228,0.148
22444,0.202,0.282,0.362,0.154
22445,0.138,0.394,0.268,0.2
22446,0.156,0.298,0.436,0.11
22447,0.3,0.346,0.174,0.18
22448,0.158,0.292,0.394,0.156
22449,0.2,0.412,0.228,0.16
22450,0.21,0.284,0.248,0.258
22451,0.184,0.38,0.262,0.174
22452,0.192,0.406,0.248,0.154
22453,0.194,0.29,0.258,0.258
22454,0.256,0.406,0.2,0.138
22455,0.318,0.266,0.206,0.21
22456,0.236,0.282,0.238,0.244
22457,0.206,0.398,0.248,0.148
22458,0.166,0.374,0.23,0.23
22459,0.218,0.38,0.264,0.138
22460,0.188,0.232,0.382,0.198
22461,0.35,0.254,0.226,0.17
22462,0.32,0.262,0.16,0.258
22463,0.124,0.302,0.198,0.376
22464,0.224,0.28,0.234,0.262
22465,0.384,0.368,0.142,0.106
22466,0.258,0.252,0.144,0.346
22467,0.238,0.422,0.214,0.126
22468,0.234,0.222,0.242,0.302
22469,0.298,0.218,0.25,0.234
22470,0.276,0.324,0.158,0.242
22471,0.398,0.308,0.114,0.18
22472,0.124,0.29,0.362,0.224
22473,0.402,0.264,0.158,0.176
22474,0.338,0.17,0.284,0.208
22475,0.318,0.408,0.14,0.134
22476,0.152,0.144,0.376,0.328
22477,0.174,0.212,0.34,0.274
22478,0.114,0.1,0.37,0.416
22479,0.248,0.146,0.146,0.46
22480,0.124,0.224,0.286,0.366
22481,0.13,0.284,0.136,0.45
22482,0.196,0.198,0.114,0.492
22483,0.192,0.194,0.142,0.472
22484,0.244,0.234,0.084,0.438
22485,0.09,0.348,0.146,0.416
22486,0.13,0.186,0.39,0.294
22487,0.102,0.126,0.302,0.47
22488,0.1,0.12,0.382,0.398
22489,0.186,0.126,0.298,0.39
22490,0.122,0.344,0.122,0.412
22491,0.066,0.412,0.1,0.422
22492,0.11,0.272,0.294,0.324
22493,0.124,0.318,0.288,0.27
22494,0.142,0.134,0.316,0.408
22495,0.114,0.188,0.3,0.398
22496,0.284,0.102,0.13,0.484
22497,0.174,0.456,0.228,0.142
22498,0.13,0.242,0.224,0.404
22499,0.364,0.162,0.106,0.368
22500,0.476,0.178,0.11,0.236
22501,0.432,0.136,0.172,0.26
22502,0.202,0.176,0.124,0.498
22503,0.256,0.128,0.128,0.488
22504,0.116,0.39,0.094,0.4
22505,0.276,0.11,0.11,0.504
22506,0.296,0.222,0.258,0.224
22507,0.108,0.426,0.128,0.338
22508,0.1,0.538,0.076,0.286
22509,0.496,0.146,0.098,0.26
22510,0.1,0.646,0.08,0.174
22511,0.188,0.168,0.416,0.228
22512,0.194,0.118,0.218,0.47
22513,0.202,0.094,0.2,0.504
22514,0.114,0.578,0.104,0.204
22515,0.144,0.118,0.332,0.406
22516,0.114,0.466,0.134,0.286
22517,0.146,0.114,0.286,0.454
22518,0.188,0.194,0.152,0.466
22519,0.164,0.278,0.112,0.446
22520,0.398,0.242,0.14,0.22
22521,0.114,0.4,0.204,0.282
22522,0.096,0.146,0.464,0.294
22523,0.076,0.56,0.15,0.214
22524,0.11,0.118,0.254,0.518
22525,0.334,0.138,0.32,0.208
22526,0.346,0.274,0.1,0.28
22527,0.1,0.33,0.17,0.4
22528,0.086,0.106,0.498,0.31
22529,0.112,0.396,0.182,0.31
22530,0.15,0.126,0.148,0.576
22531,0.106,0.072,0.55,0.272
22532,0.186,0.224,0.102,0.488
22533,0.122,0.28,0.158,0.44
22534,0.19,0.286,0.13,0.394
22535,0.132,0.228,0.314,0.326
22536,0.104,0.404,0.202,0.29
22537,0.096,0.322,0.374,0.208
22538,0.114,0.32,0.15,0.416
22539,0.102,0.242,0.468,0.188
22540,0.142,0.258,0.094,0.506
22541,0.106,0.314,0.172,0.408
22542,0.14,0.172,0.408,0.28
22543,0.346,0.142,0.118,0.394
22544,0.1,0.118,0.478,0.304
22545,0.094,0.396,0.202,0.308
22546,0.402,0.362,0.086,0.15
22547,0.344,0.258,0.19,0.208
22548,0.172,0.128,0.442,0.258
22549,0.348,0.096,0.234,0.322
22550,0.086,0.24,0.512,0.162
22551,0.118,0.274,0.31,0.298
22552,0.166,0.13,0.156,0.548
22553,0.126,0.486,0.086,0.302
22554,0.184,0.158,0.334,0.324
22555,0.14,0.248,0.32,0.292
22556,0.2,0.658,0.084,0.058
22557,0.106,0.218,0.114,0.562
22558,0.164,0.128,0.63,0.078
22559,0.126,0.342,0.136,0.396
22560,0.134,0.226,0.166,0.474
22561,0.138,0.378,0.418,0.066
22562,0.38,0.352,0.182,0.086
22563,0.324,0.078,0.204,0.394
22564,0.416,0.084,0.118,0.382
22565,0.104,0.216,0.27,0.41
22566,0.332,0.4,0.18,0.088
22567,0.128,0.104,0.336,0.432
22568,0.168,0.11,0.114,0.608
22569,0.324,0.088,0.486,0.102
22570,0.174,0.178,0.248,0.4
22571,0.302,0.348,0.088,0.262
22572,0.11,0.368,0.082,0.44
22573,0.35,0.22,0.124,0.306
22574,0.156,0.124,0.336,0.384
22575,0.074,0.38,0.298,0.248
22576,0.244,0.398,0.128,0.23
22577,0.374,0.348,0.124,0.154
22578,0.062,0.306,0.54,0.092
22579,0.084,0.248,0.208,0.46
22580,0.43,0.22,0.22,0.13
22581,0.104,0.172,0.332,0.392
22582,0.42,0.116,0.36,0.104
22583,0.204,0.164,0.412,0.22
22584,0.094,0.36,0.242,0.304
22585,0.25,0.462,0.116,0.172
22586,0.074,0.62,0.102,0.204
22587,0.252,0.136,0.126,0.486
22588,0.196,0.12,0.252,0.432
22589,0.318,0.5,0.13,0.052
22590,0.122,0.084,0.324,0.47
22591,0.29,0.118,0.496,0.096
22592,0.284,0.346,0.178,0.192
22593,0.284,0.274,0.132,0.31
22594,0.146,0.124,0.432,0.298
22595,0.15,0.112,0.346,0.392
22596,0.262,0.3,0.26,0.178
22597,0.104,0.198,0.456,0.242
22598,0.116,0.436,0.076,0.372
22599,0.208,0.154,0.156,0.482
22600,0.162,0.222,0.1,0.516
22601,0.244,0.094,0.158,0.504
22602,0.464,0.176,0.124,0.236
22603,0.318,0.13,0.188,0.364
22604,0.108,0.26,0.272,0.36
22605,0.434,0.162,0.112,0.292
22606,0.206,0.152,0.35,0.292
22607,0.104,0.112,0.364,0.42
22608,0.106,0.438,0.124,0.332
22609,0.226,0.254,0.092,0.428
22610,0.102,0.452,0.106,0.34
22611,0.124,0.162,0.368,0.346
22612,0.166,0.128,0.334,0.372
22613,0.444,0.166,0.156,0.234
22614,0.388,0.238,0.114,0.26
22615,0.174,0.45,0.188,0.188
22616,0.524,0.122,0.19,0.164
22617,0.172,0.212,0.416,0.2
22618,0.334,0.112,0.258,0.296
22619,0.14,0.338,0.124,0.398
22620,0.14,0.468,0.142,0.25
22621,0.152,0.198,0.336,0.314
22622,0.314,0.17,0.146,0.37
22623,0.132,0.416,0.094,0.358
22624,0.098,0.344,0.124,0.434
22625,0.254,0.136,0.148,0.462
22626,0.27,0.142,0.206,0.382
22627,0.176,0.198,0.304,0.322
22628,0.13,0.218,0.45,0.202
22629,0.112,0.374,0.13,0.384
22630,0.25,0.346,0.206,0.198
22631,0.282,0.33,0.178,0.21
22632,0.234,0.246,0.174,0.346
22633,0.136,0.218,0.302,0.344
22634,0.148,0.36,0.198,0.294
22635,0.192,0.38,0.146,0.282
22636,0.13,0.412,0.23,0.228
22637,0.354,0.234,0.162,0.25
22638,0.212,0.268,0.166,0.354
22639,0.186,0.266,0.166,0.382
22640,0.138,0.14,0.382,0.34
22641,0.148,0.372,0.256,0.224
22642,0.16,0.218,0.206,0.416
22643,0.202,0.178,0.254,0.366
22644,0.146,0.304,0.35,0.2
22645,0.264,0.17,0.204,0.362
22646,0.212,0.18,0.242,0.366
22647,0.388,0.274,0.146,0.192
22648,0.45,0.218,0.13,0.202
22649,0.136,0.414,0.164,0.286
22650,0.144,0.286,0.2,0.37
22651,0.126,0.198,0.35,0.326
22652,0.156,0.168,0.216,0.46
22653,0.092,0.226,0.416,0.266
22654,0.14,0.142,0.208,0.51
22655,0.126,0.392,0.168,0.314
22656,0.26,0.254,0.29,0.196
22657,0.306,0.196,0.14,0.358
22658,0.14,0.15,0.21,0.5
22659,0.158,0.176,0.454,0.212
22660,0.452,0.182,0.14,0.226
22661,0.29,0.184,0.25,0.276
22662,0.11,0.232,0.448,0.21
22663,0.17,0.452,0.156,0.222
22664,0.118,0.406,0.142,0.334
22665,0.352,0.202,0.296,0.15
22666,0.198,0.316,0.13,0.356
22667,0.12,0.29,0.348,0.242
22668,0.164,0.206,0.224,0.406
22669,0.208,0.182,0.222,0.388
22670,0.148,0.342,0.174,0.336
22671,0.196,0.14,0.46,0.204
22672,0.354,0.144,0.208,0.294
22673,0.284,0.234,0.148,0.334
22674,0.244,0.136,0.406,0.214
22675,0.152,0.258,0.314,0.276
22676,0.12,0.468,0.112,0.3
22677,0.346,0.15,0.248,0.256
22678,0.17,0.238,0.212,0.38
22679,0.114,0.426,0.112,0.348
22680,0.108,0.208,0.352,0.332
22681,0.158,0.316,0.126,0.4
22682,0.346,0.424,0.044,0.186
22683,0.108,0.092,0.576,0.224
22684,0.204,0.41,0.18,0.206
22685,0.242,0.156,0.266,0.336
22686,0.502,0.104,0.126,0.268
22687,0.134,0.404,0.13,0.332
22688,0.568,0.242,0.116,0.074
22689,0.154,0.478,0.202,0.166
22690,0.114,0.188,0.596,0.102
22691,0.096,0.428,0.364,0.112
22692,0.134,0.338,0.16,0.368
22693,0.156,0.388,0.118,0.338
22694,0.656,0.1,0.11,0.134
22695,0.18,0.098,0.386,0.336
22696,0.114,0.4,0.082,0.404
22697,0.102,0.424,0.09,0.384
22698,0.332,0.306,0.07,0.292
22699,0.488,0.15,0.15,0.212
22700,0.328,0.146,0.124,0.402
22701,0.126,0.302,0.084,0.488
22702,0.174,0.102,0.496,0.228
22703,0.332,0.07,0.492,0.106
22704,0.112,0.404,0.08,0.404
22705,0.088,0.34,0.162,0.41
22706,0.29,0.114,0.298,0.298
22707,0.1,0.508,0.16,0.232
22708,0.154,0.224,0.324,0.298
22709,0.114,0.56,0.094,0.232
22710,0.18,0.304,0.114,0.402
22711,0.49,0.138,0.168,0.204
22712,0.202,0.304,0.09,0.404
22713,0.178,0.168,0.276,0.378
22714,0.104,0.198,0.394,0.304
22715,0.316,0.272,0.114,0.298
22716,0.214,0.15,0.23,0.406
22717,0.146,0.154,0.308,0.392
22718,0.282,0.12,0.194,0.404
22719,0.48,0.152,0.136,0.232
22720,0.11,0.272,0.244,0.374
22721,0.366,0.208,0.128,0.298
22722,0.174,0.204,0.198,0.424
22723,0.136,0.392,0.12,0.352
22724,0.252,0.1,0.382,0.266
22725,0.164,0.384,0.276,0.176
22726,0.198,0.482,0.172,0.148
22727,0.208,0.3,0.372,0.12
22728,0.15,0.388,0.288,0.174
22729,0.314,0.322,0.226,0.138
22730,0.148,0.384,0.252,0.216
22731,0.128,0.4,0.226,0.246
22732,0.322,0.3,0.212,0.166
22733,0.214,0.408,0.19,0.188
22734,0.166,0.496,0.142,0.196
22735,0.146,0.474,0.318,0.062
22736,0.126,0.25,0.468,0.156
22737,0.42,0.228,0.14,0.212
22738,0.428,0.164,0.262,0.146
22739,0.25,0.34,0.208,0.202
22740,0.174,0.5,0.198,0.128
22741,0.516,0.218,0.158,0.108
22742,0.18,0.354,0.396,0.07
22743,0.218,0.448,0.164,0.17
22744,0.216,0.426,0.14,0.218
22745,0.296,0.216,0.188,0.3
22746,0.17,0.314,0.34,0.176
22747,0.446,0.204,0.152,0.198
22748,0.396,0.118,0.36,0.126
22749,0.124,0.202,0.46,0.214
22750,0.236,0.206,0.42,0.138
22751,0.174,0.292,0.386,0.148
22752,0.408,0.168,0.224,0.2
22753,0.214,0.416,0.202,0.168
22754,0.318,0.386,0.212,0.084
22755,0.146,0.228,0.344,0.282
22756,0.178,0.184,0.364,0.274
22757,0.254,0.18,0.21,0.356
22758,0.15,0.306,0.414,0.13
22759,0.392,0.258,0.13,0.22
22760,0.14,0.2,0.414,0.246
22761,0.114,0.452,0.142,0.292
22762,0.126,0.334,0.38,0.16
22763,0.148,0.488,0.126,0.238
22764,0.196,0.472,0.094,0.238
22765,0.366,0.276,0.11,0.248
22766,0.428,0.212,0.222,0.138
22767,0.206,0.114,0.376,0.304
22768,0.12,0.23,0.334,0.316
22769,0.154,0.592,0.078,0.176
22770,0.532,0.126,0.104,0.238
22771,0.248,0.116,0.482,0.154
22772,0.432,0.174,0.174,0.22
22773,0.116,0.482,0.104,0.298
22774,0.078,0.318,0.344,0.26
22775,0.116,0.528,0.218,0.138
22776,0.21,0.234,0.114,0.442
22777,0.136,0.434,0.184,0.246
22778,0.112,0.146,0.418,0.324
22779,0.244,0.264,0.272,0.22
22780,0.198,0.45,0.18,0.172
22781,0.1,0.162,0.496,0.242
22782,0.13,0.102,0.326,0.442
22783,0.124,0.116,0.476,0.284
22784,0.136,0.5,0.084,0.28
22785,0.216,0.306,0.226,0.252
22786,0.168,0.078,0.376,0.378
22787,0.26,0.138,0.14,0.462
22788,0.432,0.12,0.144,0.304
22789,0.422,0.1,0.128,0.35
22790,0.062,0.316,0.426,0.196
22791,0.114,0.302,0.102,0.482
22792,0.082,0.088,0.684,0.146
22793,0.646,0.106,0.082,0.166
22794,0.054,0.312,0.338,0.296
22795,0.15,0.434,0.104,0.312
22796,0.554,0.094,0.084,0.268
22797,0.082,0.072,0.608,0.238
22798,0.128,0.132,0.266,0.474
22799,0.51,0.09,0.102,0.298
22800,0.354,0.108,0.212,0.326
22801,0.142,0.282,0.252,0.324
22802,0.102,0.35,0.21,0.338
22803,0.442,0.264,0.138,0.156
22804,0.248,0.112,0.322,0.318
22805,0.194,0.308,0.128,0.37
22806,0.104,0.37,0.134,0.392
22807,0.328,0.126,0.316,0.23
22808,0.094,0.378,0.194,0.334
22809,0.15,0.196,0.408,0.246
22810,0.106,0.448,0.232,0.214
22811,0.158,0.178,0.308,0.356
22812,0.144,0.368,0.136,0.352
22813,0.456,0.112,0.186,0.246
22814,0.188,0.448,0.148,0.216
22815,0.122,0.37,0.178,0.33
22816,0.182,0.194,0.156,0.468
22817,0.448,0.19,0.106,0.256
22818,0.108,0.404,0.268,0.22
22819,0.124,0.172,0.406,0.298
22820,0.144,0.254,0.39,0.212
22821,0.144,0.154,0.318,0.384
22822,0.294,0.13,0.294,0.282
22823,0.152,0.31,0.138,0.4
22824,0.118,0.41,0.166,0.306
22825,0.274,0.15,0.424,0.152
22826,0.182,0.142,0.248,0.428
22827,0.48,0.128,0.15,0.242
22828,0.11,0.21,0.494,0.186
22829,0.116,0.346,0.288,0.25
22830,0.136,0.094,0.508,0.262
22831,0.1,0.484,0.11,0.306
22832,0.144,0.108,0.496,0.252
22833,0.218,0.5,0.082,0.2
22834,0.152,0.12,0.266,0.462
22835,0.27,0.144,0.096,0.49
22836,0.11,0.408,0.126,0.356
22837,0.122,0.406,0.126,0.346
22838,0.304,0.172,0.144,0.38
22839,0.212,0.226,0.274,0.288
22840,0.4,0.152,0.176,0.272
22841,0.21,0.146,0.182,0.462
22842,0.348,0.158,0.174,0.32
22843,0.252,0.11,0.358,0.28
22844,0.308,0.174,0.406,0.112
22845,0.38,0.194,0.262,0.164
22846,0.136,0.47,0.134,0.26
22847,0.366,0.292,0.094,0.248
22848,0.25,0.19,0.12,0.44
22849,0.346,0.122,0.39,0.142
22850,0.326,0.11,0.364,0.2
22851,0.142,0.418,0.132,0.308
22852,0.478,0.122,0.152,0.248
22853,0.448,0.144,0.266,0.142
22854,0.158,0.198,0.106,0.538
22855,0.444,0.208,0.106,0.242
22856,0.128,0.144,0.382,0.346
22857,0.122,0.124,0.216,0.538
22858,0.212,0.246,0.322,0.22
22859,0.124,0.634,0.082,0.16
22860,0.2,0.188,0.194,0.418
22861,0.15,0.36,0.268,0.222
22862,0.196,0.23,0.182,0.392
22863,0.226,0.514,0.09,0.17
22864,0.138,0.282,0.246,0.334
22865,0.244,0.24,0.216,0.3
22866,0.162,0.126,0.368,0.344
22867,0.144,0.168,0.452,0.236
22868,0.124,0.216,0.236,0.424
22869,0.218,0.234,0.198,0.35
22870,0.444,0.158,0.14,0.258
22871,0.102,0.638,0.072,0.188
22872,0.08,0.592,0.108,0.22
22873,0.1,0.236,0.242,0.422
22874,0.16,0.398,0.13,0.312
22875,0.106,0.538,0.122,0.234
22876,0.152,0.454,0.144,0.25
22877,0.306,0.198,0.206,0.29
22878,0.144,0.108,0.5,0.248
22879,0.23,0.16,0.438,0.172
22880,0.258,0.226,0.364,0.152
22881,0.304,0.158,0.282,0.256
22882,0.142,0.496,0.11,0.252
22883,0.152,0.154,0.344,0.35
22884,0.14,0.184,0.336,0.34
22885,0.376,0.168,0.108,0.348
22886,0.312,0.114,0.122,0.452
22887,0.12,0.558,0.084,0.238
22888,0.474,0.228,0.1,0.198
22889,0.118,0.182,0.52,0.18
22890,0.232,0.536,0.088,0.144
22891,0.2,0.36,0.256,0.184
22892,0.336,0.148,0.38,0.136
22893,0.474,0.174,0.196,0.156
22894,0.142,0.142,0.154,0.562
22895,0.296,0.312,0.15,0.242
22896,0.342,0.504,0.056,0.098
22897,0.106,0.202,0.488,0.204
22898,0.318,0.18,0.262,0.24
22899,0.588,0.152,0.094,0.166
22900,0.3,0.29,0.114,0.296
22901,0.272,0.35,0.122,0.256
22902,0.102,0.49,0.12,0.288
22903,0.17,0.23,0.496,0.104
22904,0.652,0.112,0.098,0.138
22905,0.438,0.284,0.104,0.174
22906,0.57,0.22,0.064,0.146
22907,0.106,0.254,0.48,0.16
22908,0.31,0.32,0.24,0.13
22909,0.194,0.64,0.052,0.114
22910,0.342,0.198,0.158,0.302
22911,0.214,0.272,0.148,0.366
22912,0.164,0.52,0.22,0.096
22913,0.268,0.342,0.284,0.106
22914,0.094,0.306,0.3,0.3
22915,0.464,0.194,0.146,0.196
22916,0.236,0.35,0.116,0.298
22917,0.256,0.216,0.168,0.36
22918,0.38,0.18,0.128,0.312
22919,0.15,0.582,0.11,0.158
22920,0.124,0.15,0.498,0.228
22921,0.3,0.224,0.132,0.344
22922,0.158,0.404,0.13,0.308
22923,0.104,0.352,0.188,0.356
22924,0.524,0.152,0.162,0.162
22925,0.222,0.282,0.124,0.372
22926,0.338,0.112,0.254,0.296
22927,0.154,0.144,0.224,0.478
22928,0.39,0.222,0.164,0.224
22929,0.154,0.518,0.156,0.172
22930,0.122,0.266,0.32,0.292
22931,0.3,0.23,0.314,0.156
22932,0.158,0.202,0.13,0.51
22933,0.312,0.134,0.158,0.396
22934,0.176,0.178,0.31,0.336
22935,0.154,0.418,0.164,0.264
22936,0.404,0.126,0.222,0.248
22937,0.322,0.178,0.236,0.264
22938,0.43,0.232,0.128,0.21
22939,0.21,0.228,0.188,0.374
