"No","Ch1","Ch2","Ch3","Ch4"
21566,0.286,0.176,0.298,0.24
21567,0.15,0.314,0.312,0.224
21568,0.242,0.432,0.142,0.184
21569,0.416,0.16,0.194,0.23
21570,0.162,0.322,0.392,0.124
21571,0.13,0.514,0.196,0.16
21572,0.228,0.206,0.352,0.214
21573,0.218,0.226,0.22,0.336
21574,0.188,0.334,0.324,0.154
21575,0.128,0.132,0.53,0.21
21576,0.236,0.248,0.268,0.248
21577,0.28,0.186,0.394,0.14
21578,0.332,0.258,0.218,0.192
21579,0.176,0.246,0.198,0.38
21580,0.138,0.418,0.182,0.262
21581,0.342,0.198,0.168,0.292
21582,0.178,0.22,0.35,0.252
21583,0.224,0.184,0.24,0.352
21584,0.21,0.302,0.198,0.29
21585,0.272,0.238,0.198,0.292
21586,0.218,0.374,0.194,0.214
21587,0.148,0.432,0.164,0.256
21588,0.132,0.142,0.454,0.272
21589,0.182,0.172,0.38,0.266
21590,0.128,0.12,0.456,0.296
21591,0.114,0.198,0.356,0.332
21592,0.192,0.3,0.168,0.34
21593,0.39,0.264,0.148,0.198
21594,0.196,0.182,0.186,0.436
21595,0.234,0.238,0.148,0.38
21596,0.18,0.514,0.104,0.202
21597,0.27,0.294,0.148,0.288
21598,0.126,0.346,0.29,0.238
21599,0.22,0.364,0.256,0.16
21600,0.168,0.244,0.134,0.454
21601,0.172,0.238,0.214,0.376
21602,0.114,0.342,0.298,0.246
21603,0.312,0.164,0.178,0.346
21604,0.136,0.19,0.386,0.288
21605,0.164,0.11,0.462,0.264
21606,0.252,0.124,0.34,0.284
21607,0.424,0.192,0.122,0.262
21608,0.224,0.394,0.116,0.266
21609,0.114,0.118,0.412,0.356
21610,0.28,0.344,0.086,0.29
21611,0.106,0.154,0.424,0.316
21612,0.48,0.144,0.236,0.14
21613,0.122,0.244,0.292,0.342
21614,0.11,0.418,0.248,0.224
21615,0.296,0.33,0.09,0.284
21616,0.198,0.108,0.496,0.198
21617,0.226,0.284,0.192,0.298
21618,0.244,0.144,0.26,0.352
21619,0.21,0.206,0.146,0.438
21620,0.114,0.522,0.12,0.244
21621,0.184,0.38,0.144,0.292
21622,0.132,0.26,0.21,0.398
21623,0.31,0.34,0.218,0.132
21624,0.336,0.324,0.162,0.178
21625,0.162,0.222,0.372,0.244
21626,0.368,0.242,0.162,0.228
21627,0.184,0.294,0.344,0.178
21628,0.27,0.422,0.162,0.146
21629,0.4,0.232,0.18,0.188
21630,0.188,0.288,0.25,0.274
21631,0.256,0.19,0.428,0.126
21632,0.188,0.254,0.334,0.224
21633,0.218,0.332,0.248,0.202
21634,0.198,0.484,0.18,0.138
21635,0.146,0.516,0.232,0.106
21636,0.354,0.292,0.16,0.194
21637,0.332,0.328,0.156,0.184
21638,0.21,0.334,0.318,0.138
21639,0.23,0.432,0.18,0.158
21640,0.338,0.306,0.202,0.154
21641,0.244,0.286,0.324,0.146
21642,0.432,0.178,0.218,0.172
21643,0.134,0.2,0.452,0.214
21644,0.28,0.228,0.23,0.262
21645,0.172,0.474,0.148,0.206
21646,0.188,0.244,0.408,0.16
21647,0.198,0.202,0.368,0.232
21648,0.308,0.17,0.346,0.176
21649,0.418,0.158,0.27,0.154
21650,0.152,0.256,0.344,0.248
21651,0.414,0.168,0.182,0.236
21652,0.186,0.204,0.208,0.402
21653,0.47,0.184,0.17,0.176
21654,0.5,0.176,0.172,0.152
21655,0.352,0.128,0.35,0.17
21656,0.402,0.144,0.168,0.286
21657,0.438,0.168,0.186,0.208
21658,0.396,0.192,0.166,0.246
21659,0.448,0.128,0.222,0.202
21660,0.216,0.166,0.208,0.41
21661,0.214,0.244,0.206,0.336
21662,0.138,0.45,0.13,0.282
21663,0.172,0.202,0.472,0.154
21664,0.134,0.298,0.22,0.348
21665,0.296,0.238,0.204,0.262
21666,0.164,0.314,0.172,0.35
21667,0.104,0.32,0.27,0.306
21668,0.308,0.252,0.136,0.304
21669,0.204,0.258,0.178,0.36
21670,0.122,0.466,0.114,0.298
21671,0.096,0.356,0.414,0.134
21672,0.098,0.26,0.314,0.328
21673,0.286,0.3,0.128,0.286
21674,0.35,0.144,0.246,0.26
21675,0.284,0.19,0.136,0.39
21676,0.142,0.51,0.142,0.206
21677,0.546,0.12,0.188,0.146
21678,0.136,0.312,0.4,0.152
21679,0.178,0.442,0.092,0.288
21680,0.288,0.16,0.39,0.162
21681,0.284,0.178,0.198,0.34
21682,0.33,0.288,0.118,0.264
21683,0.31,0.186,0.252,0.252
21684,0.302,0.188,0.184,0.326
21685,0.194,0.28,0.164,0.362
21686,0.158,0.362,0.242,0.238
21687,0.166,0.164,0.38,0.29
21688,0.224,0.208,0.21,0.358
21689,0.222,0.438,0.124,0.216
21690,0.432,0.248,0.136,0.184
21691,0.192,0.474,0.128,0.206
21692,0.104,0.314,0.394,0.188
21693,0.144,0.484,0.106,0.266
21694,0.176,0.254,0.178,0.392
21695,0.29,0.32,0.232,0.158
21696,0.4,0.246,0.112,0.242
21697,0.324,0.272,0.224,0.18
21698,0.26,0.13,0.448,0.162
21699,0.302,0.374,0.124,0.2
21700,0.302,0.238,0.136,0.324
21701,0.492,0.122,0.13,0.256
21702,0.15,0.26,0.126,0.464
21703,0.148,0.222,0.17,0.46
21704,0.136,0.234,0.344,0.286
21705,0.154,0.154,0.414,0.278
21706,0.106,0.356,0.116,0.422
21707,0.124,0.366,0.232,0.278
21708,0.104,0.438,0.14,0.318
21709,0.182,0.21,0.136,0.472
21710,0.312,0.126,0.154,0.408
21711,0.096,0.362,0.262,0.28
21712,0.124,0.252,0.146,0.478
21713,0.396,0.19,0.156,0.258
21714,0.128,0.442,0.096,0.334
21715,0.36,0.168,0.184,0.288
21716,0.142,0.166,0.202,0.49
21717,0.214,0.14,0.302,0.344
21718,0.262,0.356,0.132,0.25
21719,0.192,0.186,0.188,0.434
21720,0.39,0.214,0.134,0.262
21721,0.17,0.206,0.396,0.228
21722,0.44,0.194,0.154,0.212
21723,0.214,0.206,0.178,0.402
21724,0.394,0.142,0.196,0.268
21725,0.18,0.202,0.174,0.444
21726,0.112,0.326,0.274,0.288
21727,0.266,0.122,0.412,0.2
21728,0.194,0.14,0.26,0.406
21729,0.23,0.178,0.14,0.452
21730,0.324,0.144,0.156,0.376
21731,0.278,0.17,0.358,0.194
21732,0.266,0.164,0.172,0.398
21733,0.37,0.314,0.126,0.19
21734,0.122,0.468,0.192,0.218
21735,0.262,0.236,0.132,0.37
21736,0.442,0.234,0.126,0.198
21737,0.254,0.256,0.308,0.182
21738,0.316,0.292,0.232,0.16
21739,0.24,0.348,0.242,0.17
21740,0.152,0.398,0.26,0.19
21741,0.196,0.246,0.274,0.284
21742,0.196,0.302,0.292,0.21
21743,0.372,0.224,0.132,0.272
21744,0.292,0.25,0.294,0.164
21745,0.26,0.208,0.266,0.266
21746,0.28,0.364,0.172,0.184
21747,0.318,0.372,0.168,0.142
21748,0.276,0.348,0.18,0.196
21749,0.182,0.36,0.23,0.228
21750,0.186,0.206,0.382,0.226
21751,0.334,0.168,0.308,0.19
21752,0.366,0.172,0.198,0.264
21753,0.27,0.23,0.216,0.284
21754,0.176,0.348,0.186,0.29
21755,0.208,0.194,0.31,0.288
21756,0.152,0.396,0.174,0.278
21757,0.148,0.412,0.116,0.324
21758,0.214,0.324,0.156,0.306
21759,0.278,0.292,0.21,0.22
21760,0.184,0.108,0.282,0.426
21761,0.112,0.178,0.446,0.264
21762,0.124,0.564,0.084,0.228
21763,0.356,0.124,0.104,0.416
21764,0.26,0.086,0.426,0.228
21765,0.348,0.13,0.168,0.354
21766,0.12,0.374,0.144,0.362
21767,0.126,0.198,0.376,0.3
21768,0.11,0.344,0.35,0.196
21769,0.188,0.19,0.102,0.52
21770,0.146,0.346,0.226,0.282
21771,0.092,0.152,0.332,0.424
21772,0.118,0.316,0.274,0.292
21773,0.218,0.344,0.142,0.296
21774,0.09,0.202,0.422,0.286
21775,0.258,0.238,0.212,0.292
21776,0.372,0.25,0.164,0.214
21777,0.16,0.166,0.356,0.318
21778,0.308,0.18,0.164,0.348
21779,0.38,0.168,0.168,0.284
21780,0.176,0.168,0.368,0.288
21781,0.11,0.152,0.468,0.27
21782,0.348,0.148,0.328,0.176
21783,0.214,0.228,0.176,0.382
21784,0.46,0.266,0.108,0.166
21785,0.188,0.422,0.262,0.128
21786,0.222,0.158,0.184,0.436
21787,0.182,0.442,0.116,0.26
21788,0.354,0.236,0.13,0.28
21789,0.158,0.236,0.184,0.422
21790,0.388,0.15,0.182,0.28
21791,0.25,0.178,0.168,0.404
21792,0.122,0.256,0.334,0.288
21793,0.176,0.178,0.426,0.22
21794,0.116,0.382,0.282,0.22
21795,0.292,0.114,0.392,0.202
21796,0.234,0.224,0.312,0.23
21797,0.288,0.372,0.164,0.176
21798,0.384,0.134,0.268,0.214
21799,0.168,0.19,0.202,0.44
21800,0.162,0.138,0.272,0.428
21801,0.2,0.226,0.26,0.314
21802,0.128,0.212,0.376,0.284
21803,0.134,0.138,0.426,0.302
21804,0.258,0.378,0.174,0.19
21805,0.374,0.162,0.152,0.312
21806,0.136,0.374,0.174,0.316
21807,0.154,0.33,0.176,0.34
21808,0.272,0.172,0.19,0.366
21809,0.492,0.116,0.128,0.264
21810,0.53,0.116,0.19,0.164
21811,0.206,0.432,0.22,0.142
21812,0.164,0.14,0.432,0.264
21813,0.284,0.356,0.148,0.212
21814,0.17,0.346,0.282,0.202
21815,0.36,0.138,0.286,0.216
21816,0.246,0.342,0.182,0.23
21817,0.22,0.178,0.4,0.202
21818,0.212,0.238,0.282,0.268
21819,0.22,0.228,0.218,0.334
21820,0.516,0.14,0.124,0.22
21821,0.162,0.17,0.378,0.29
21822,0.318,0.364,0.13,0.188
21823,0.182,0.302,0.29,0.226
21824,0.154,0.394,0.296,0.156
21825,0.13,0.364,0.156,0.35
21826,0.242,0.388,0.246,0.124
21827,0.116,0.182,0.472,0.23
21828,0.16,0.428,0.16,0.252
21829,0.17,0.22,0.416,0.194
21830,0.204,0.224,0.296,0.276
21831,0.238,0.272,0.14,0.35
21832,0.228,0.362,0.134,0.276
21833,0.384,0.168,0.248,0.2
21834,0.436,0.206,0.18,0.178
21835,0.162,0.308,0.204,0.326
21836,0.144,0.14,0.416,0.3
21837,0.21,0.176,0.28,0.334
21838,0.178,0.17,0.43,0.222
21839,0.136,0.396,0.172,0.296
21840,0.324,0.208,0.246,0.222
21841,0.282,0.24,0.202,0.276
21842,0.13,0.256,0.402,0.212
21843,0.352,0.116,0.232,0.3
21844,0.128,0.396,0.224,0.252
21845,0.228,0.188,0.234,0.35
21846,0.168,0.356,0.206,0.27
21847,0.39,0.128,0.26,0.222
21848,0.188,0.21,0.238,0.364
21849,0.336,0.38,0.108,0.176
21850,0.344,0.222,0.154,0.28
21851,0.18,0.498,0.132,0.19
21852,0.38,0.206,0.178,0.236
21853,0.12,0.222,0.316,0.342
21854,0.322,0.194,0.172,0.312
21855,0.148,0.29,0.144,0.418
21856,0.502,0.182,0.19,0.126
21857,0.124,0.324,0.154,0.398
21858,0.444,0.152,0.13,0.274
21859,0.396,0.154,0.158,0.292
21860,0.426,0.256,0.122,0.196
21861,0.162,0.21,0.43,0.198
21862,0.094,0.504,0.212,0.19
21863,0.142,0.302,0.204,0.352
21864,0.262,0.446,0.122,0.17
21865,0.138,0.282,0.366,0.214
21866,0.218,0.164,0.38,0.238
21867,0.14,0.148,0.18,0.532
21868,0.182,0.118,0.344,0.356
21869,0.276,0.148,0.164,0.412
21870,0.208,0.16,0.31,0.322
21871,0.494,0.172,0.132,0.202
21872,0.092,0.4,0.294,0.214
21873,0.38,0.314,0.19,0.116
21874,0.096,0.552,0.166,0.186
21875,0.312,0.276,0.106,0.306
21876,0.562,0.142,0.128,0.168
21877,0.158,0.328,0.142,0.372
21878,0.32,0.428,0.112,0.14
21879,0.242,0.23,0.176,0.352
21880,0.47,0.184,0.222,0.124
21881,0.16,0.278,0.186,0.376
21882,0.226,0.172,0.186,0.416
21883,0.15,0.23,0.252,0.368
21884,0.222,0.382,0.106,0.29
21885,0.154,0.366,0.136,0.344
21886,0.228,0.236,0.148,0.388
21887,0.174,0.13,0.382,0.314
21888,0.128,0.226,0.452,0.194
21889,0.178,0.282,0.24,0.3
21890,0.224,0.17,0.208,0.398
21891,0.314,0.172,0.27,0.244
21892,0.156,0.298,0.212,0.334
21893,0.16,0.302,0.192,0.346
21894,0.194,0.17,0.218,0.418
21895,0.116,0.206,0.42,0.258
21896,0.294,0.202,0.28,0.224
21897,0.198,0.29,0.262,0.25
21898,0.146,0.264,0.284,0.306
21899,0.21,0.18,0.384,0.226
21900,0.15,0.192,0.202,0.456
21901,0.172,0.364,0.152,0.312
21902,0.124,0.184,0.386,0.306
21903,0.144,0.154,0.398,0.304
21904,0.148,0.182,0.282,0.388
21905,0.168,0.316,0.17,0.346
21906,0.158,0.212,0.178,0.452
21907,0.13,0.254,0.232,0.384
21908,0.344,0.238,0.182,0.236
21909,0.216,0.21,0.288,0.286
21910,0.398,0.17,0.18,0.252
21911,0.244,0.384,0.192,0.18
21912,0.21,0.414,0.12,0.256
21913,0.172,0.308,0.202,0.318
21914,0.224,0.17,0.194,0.412
21915,0.23,0.188,0.302,0.28
21916,0.19,0.2,0.22,0.39
21917,0.158,0.252,0.18,0.41
21918,0.11,0.172,0.47,0.248
21919,0.252,0.122,0.444,0.182
21920,0.194,0.242,0.174,0.39
21921,0.128,0.532,0.16,0.18
21922,0.282,0.316,0.13,0.272
21923,0.178,0.202,0.166,0.454
21924,0.156,0.204,0.184,0.456
21925,0.32,0.246,0.236,0.198
21926,0.26,0.182,0.14,0.418
21927,0.138,0.164,0.322,0.376
21928,0.144,0.378,0.146,0.332
21929,0.142,0.146,0.196,0.516
21930,0.128,0.21,0.188,0.474
21931,0.128,0.228,0.15,0.494
21932,0.11,0.136,0.35,0.404
21933,0.13,0.29,0.142,0.438
21934,0.126,0.34,0.152,0.382
21935,0.13,0.184,0.188,0.498
21936,0.178,0.206,0.176,0.44
21937,0.118,0.162,0.342,0.378
21938,0.134,0.308,0.162,0.396
21939,0.122,0.262,0.156,0.46
21940,0.308,0.208,0.13,0.354
21941,0.164,0.168,0.198,0.47
21942,0.164,0.338,0.178,0.32
21943,0.122,0.284,0.154,0.44
21944,0.102,0.342,0.212,0.344
21945,0.122,0.246,0.15,0.482
21946,0.298,0.218,0.238,0.246
21947,0.406,0.212,0.136,0.246
21948,0.138,0.412,0.274,0.176
21949,0.182,0.294,0.19,0.334
21950,0.158,0.386,0.154,0.302
21951,0.146,0.22,0.302,0.332
21952,0.27,0.138,0.168,0.424
21953,0.32,0.238,0.142,0.3
21954,0.17,0.176,0.246,0.408
21955,0.33,0.202,0.168,0.3
21956,0.168,0.2,0.204,0.428
21957,0.278,0.172,0.282,0.268
21958,0.128,0.48,0.184,0.208
21959,0.19,0.17,0.174,0.466
21960,0.156,0.41,0.126,0.308
21961,0.192,0.156,0.33,0.322
21962,0.386,0.188,0.17,0.256
21963,0.152,0.372,0.32,0.156
21964,0.176,0.116,0.506,0.202
21965,0.154,0.202,0.25,0.394
21966,0.162,0.176,0.282,0.38
21967,0.34,0.164,0.256,0.24
21968,0.228,0.36,0.156,0.256
21969,0.182,0.198,0.18,0.44
21970,0.234,0.21,0.16,0.396
21971,0.18,0.282,0.396,0.142
21972,0.292,0.2,0.144,0.364
21973,0.364,0.174,0.136,0.326
21974,0.394,0.194,0.134,0.278
21975,0.158,0.17,0.264,0.408
21976,0.328,0.244,0.294,0.134
21977,0.138,0.312,0.204,0.346
21978,0.194,0.134,0.192,0.48
21979,0.194,0.23,0.118,0.458
21980,0.098,0.448,0.17,0.284
21981,0.132,0.322,0.196,0.35
21982,0.156,0.204,0.208,0.432
21983,0.142,0.148,0.228,0.482
21984,0.194,0.22,0.182,0.404
21985,0.116,0.544,0.138,0.202
21986,0.108,0.158,0.546,0.188
21987,0.156,0.232,0.198,0.414
21988,0.266,0.204,0.176,0.354
21989,0.154,0.232,0.184,0.43
21990,0.142,0.286,0.198,0.374
21991,0.25,0.204,0.126,0.42
21992,0.164,0.204,0.204,0.428
21993,0.15,0.366,0.116,0.368
21994,0.104,0.28,0.478,0.138
21995,0.106,0.194,0.294,0.406
21996,0.284,0.266,0.118,0.332
21997,0.298,0.142,0.23,0.33
21998,0.222,0.206,0.142,0.43
21999,0.16,0.52,0.154,0.166
22000,0.508,0.124,0.22,0.148
22001,0.136,0.416,0.282,0.166
22002,0.184,0.382,0.07,0.364
22003,0.12,0.222,0.484,0.174
22004,0.346,0.272,0.16,0.222
22005,0.29,0.136,0.248,0.326
22006,0.124,0.29,0.226,0.36
22007,0.242,0.404,0.174,0.18
22008,0.108,0.246,0.374,0.272
22009,0.292,0.164,0.272,0.272
22010,0.168,0.414,0.132,0.286
22011,0.092,0.326,0.3,0.282
22012,0.182,0.254,0.184,0.38
22013,0.178,0.258,0.324,0.24
22014,0.146,0.162,0.46,0.232
22015,0.134,0.128,0.354,0.384
22016,0.154,0.304,0.184,0.358
22017,0.146,0.446,0.202,0.206
22018,0.216,0.21,0.3,0.274
22019,0.264,0.162,0.254,0.32
22020,0.192,0.17,0.296,0.342
22021,0.184,0.25,0.234,0.332
22022,0.33,0.172,0.156,0.342
22023,0.246,0.174,0.32,0.26
22024,0.256,0.156,0.204,0.384
22025,0.264,0.224,0.142,0.37
22026,0.458,0.148,0.152,0.242
22027,0.296,0.186,0.144,0.374
22028,0.328,0.16,0.162,0.35
22029,0.176,0.192,0.158,0.474
22030,0.284,0.16,0.326,0.23
22031,0.17,0.182,0.126,0.522
22032,0.172,0.232,0.17,0.426
22033,0.16,0.16,0.458,0.222
22034,0.428,0.144,0.144,0.284
22035,0.212,0.152,0.134,0.502
22036,0.316,0.23,0.16,0.294
22037,0.192,0.232,0.126,0.45
22038,0.174,0.21,0.15,0.466
22039,0.31,0.246,0.15,0.294
22040,0.216,0.32,0.158,0.306
22041,0.268,0.13,0.444,0.158
22042,0.264,0.182,0.332,0.222
22043,0.252,0.43,0.162,0.156
22044,0.274,0.176,0.248,0.302
22045,0.18,0.352,0.252,0.216
22046,0.226,0.208,0.292,0.274
22047,0.206,0.282,0.23,0.282
22048,0.182,0.49,0.17,0.158
22049,0.126,0.444,0.18,0.25
22050,0.176,0.36,0.238,0.226
22051,0.262,0.17,0.384,0.184
22052,0.258,0.316,0.212,0.214
22053,0.108,0.49,0.228,0.174
22054,0.136,0.2,0.494,0.17
22055,0.182,0.326,0.364,0.128
22056,0.248,0.264,0.338,0.15
22057,0.314,0.182,0.296,0.208
22058,0.224,0.464,0.154,0.158
22059,0.312,0.38,0.11,0.198
22060,0.26,0.158,0.12,0.462
22061,0.146,0.168,0.438,0.248
22062,0.106,0.226,0.486,0.182
22063,0.112,0.504,0.192,0.192
22064,0.492,0.15,0.152,0.206
22065,0.15,0.15,0.372,0.328
22066,0.422,0.152,0.16,0.266
22067,0.366,0.212,0.142,0.28
22068,0.2,0.494,0.102,0.204
22069,0.124,0.412,0.116,0.348
22070,0.248,0.16,0.14,0.452
22071,0.28,0.172,0.102,0.446
22072,0.108,0.49,0.25,0.152
22073,0.144,0.17,0.218,0.468
22074,0.144,0.556,0.124,0.176
22075,0.15,0.214,0.226,0.41
22076,0.56,0.14,0.088,0.212
22077,0.176,0.17,0.106,0.548
22078,0.278,0.162,0.13,0.43
22079,0.378,0.162,0.136,0.324
22080,0.14,0.158,0.388,0.314
22081,0.124,0.44,0.144,0.292
22082,0.418,0.174,0.172,0.236
22083,0.124,0.41,0.162,0.304
22084,0.156,0.152,0.176,0.516
22085,0.236,0.128,0.192,0.444
22086,0.14,0.286,0.126,0.448
22087,0.138,0.126,0.266,0.47
22088,0.138,0.206,0.2,0.456
22089,0.108,0.372,0.198,0.322
22090,0.156,0.158,0.21,0.476
22091,0.118,0.106,0.47,0.306
22092,0.392,0.258,0.124,0.226
22093,0.11,0.198,0.356,0.336
22094,0.16,0.104,0.242,0.494
22095,0.138,0.16,0.166,0.536
22096,0.156,0.092,0.446,0.306
22097,0.386,0.126,0.142,0.346
22098,0.234,0.184,0.42,0.162
22099,0.192,0.288,0.232,0.288
22100,0.142,0.214,0.444,0.2
22101,0.366,0.222,0.198,0.214
22102,0.214,0.282,0.144,0.36
22103,0.238,0.256,0.212,0.294
22104,0.252,0.242,0.192,0.314
22105,0.16,0.276,0.216,0.348
22106,0.356,0.234,0.16,0.25
22107,0.19,0.146,0.442,0.222
22108,0.28,0.208,0.214,0.298
22109,0.3,0.356,0.136,0.208
22110,0.174,0.198,0.208,0.42
22111,0.292,0.202,0.226,0.28
22112,0.126,0.224,0.408,0.242
22113,0.12,0.474,0.156,0.25
22114,0.224,0.174,0.222,0.38
22115,0.252,0.174,0.164,0.41
22116,0.17,0.2,0.426,0.204
22117,0.206,0.218,0.368,0.208
22118,0.47,0.11,0.17,0.25
22119,0.156,0.426,0.142,0.276
22120,0.13,0.182,0.388,0.3
22121,0.152,0.2,0.18,0.468
22122,0.158,0.236,0.448,0.158
22123,0.122,0.448,0.146,0.284
22124,0.148,0.336,0.228,0.288
22125,0.21,0.176,0.21,0.404
22126,0.186,0.15,0.212,0.452
22127,0.41,0.136,0.192,0.262
22128,0.304,0.2,0.26,0.236
22129,0.134,0.136,0.218,0.512
22130,0.142,0.284,0.35,0.224
22131,0.454,0.12,0.168,0.258
22132,0.136,0.25,0.332,0.282
22133,0.112,0.136,0.452,0.3
22134,0.22,0.154,0.168,0.458
22135,0.434,0.118,0.138,0.31
22136,0.234,0.278,0.07,0.418
22137,0.19,0.28,0.172,0.358
22138,0.156,0.432,0.1,0.312
22139,0.126,0.278,0.27,0.326
22140,0.098,0.096,0.414,0.392
22141,0.072,0.198,0.326,0.404
22142,0.162,0.08,0.46,0.298
22143,0.092,0.37,0.204,0.334
22144,0.066,0.17,0.536,0.228
22145,0.084,0.094,0.378,0.444
22146,0.114,0.09,0.468,0.328
22147,0.218,0.102,0.28,0.4
22148,0.45,0.104,0.08,0.366
22149,0.104,0.422,0.098,0.376
22150,0.11,0.082,0.592,0.216
22151,0.094,0.108,0.44,0.358
22152,0.144,0.09,0.092,0.674
22153,0.06,0.41,0.306,0.224
22154,0.064,0.464,0.074,0.398
22155,0.134,0.276,0.276,0.314
22156,0.142,0.37,0.214,0.274
22157,0.116,0.33,0.332,0.222
22158,0.138,0.29,0.152,0.42
22159,0.12,0.26,0.408,0.212
22160,0.208,0.23,0.154,0.408
22161,0.134,0.246,0.23,0.39
22162,0.158,0.198,0.392,0.252
22163,0.332,0.154,0.154,0.36
22164,0.118,0.152,0.46,0.27
22165,0.138,0.454,0.162,0.246
22166,0.418,0.362,0.1,0.12
22167,0.406,0.236,0.18,0.178
22168,0.192,0.14,0.382,0.286
22169,0.32,0.15,0.21,0.32
22170,0.112,0.274,0.412,0.202
22171,0.132,0.328,0.298,0.242
22172,0.198,0.178,0.168,0.456
22173,0.204,0.45,0.132,0.214
22174,0.36,0.174,0.156,0.31
22175,0.186,0.358,0.118,0.338
22176,0.214,0.178,0.18,0.428
22177,0.184,0.18,0.184,0.452
22178,0.244,0.344,0.148,0.264
22179,0.138,0.276,0.126,0.46
22180,0.298,0.178,0.308,0.216
22181,0.13,0.466,0.144,0.26
22182,0.366,0.132,0.202,0.3
22183,0.206,0.384,0.104,0.306
22184,0.246,0.134,0.136,0.484
22185,0.208,0.24,0.124,0.428
22186,0.164,0.344,0.124,0.368
22187,0.16,0.234,0.148,0.458
22188,0.258,0.21,0.24,0.292
22189,0.178,0.114,0.322,0.386
22190,0.158,0.366,0.112,0.364
22191,0.208,0.142,0.366,0.284
22192,0.164,0.17,0.182,0.484
22193,0.162,0.218,0.174,0.446
22194,0.238,0.204,0.148,0.41
22195,0.258,0.406,0.198,0.138
22196,0.202,0.168,0.162,0.468
22197,0.118,0.358,0.136,0.388
22198,0.156,0.2,0.172,0.472
22199,0.45,0.158,0.142,0.25
22200,0.356,0.106,0.148,0.39
22201,0.138,0.452,0.154,0.256
22202,0.422,0.234,0.126,0.218
22203,0.42,0.22,0.134,0.226
22204,0.154,0.196,0.148,0.502
22205,0.254,0.17,0.236,0.34
22206,0.096,0.154,0.334,0.416
22207,0.142,0.156,0.26,0.442
22208,0.298,0.258,0.114,0.33
22209,0.152,0.152,0.152,0.544
22210,0.122,0.18,0.176,0.522
22211,0.16,0.218,0.14,0.482
22212,0.128,0.312,0.284,0.276
22213,0.192,0.27,0.184,0.354
22214,0.182,0.232,0.302,0.284
22215,0.142,0.214,0.424,0.22
22216,0.444,0.156,0.158,0.242
22217,0.114,0.188,0.412,0.286
22218,0.156,0.248,0.156,0.44
22219,0.232,0.182,0.186,0.4
22220,0.48,0.138,0.154,0.228
22221,0.174,0.19,0.2,0.436
22222,0.438,0.146,0.204,0.212
22223,0.24,0.274,0.112,0.374
22224,0.178,0.19,0.208,0.424
22225,0.456,0.232,0.126,0.186
22226,0.142,0.108,0.464,0.286
22227,0.356,0.228,0.228,0.188
22228,0.112,0.474,0.144,0.27
22229,0.178,0.336,0.144,0.342
22230,0.214,0.126,0.414,0.246
22231,0.502,0.156,0.128,0.214
22232,0.322,0.214,0.136,0.328
22233,0.158,0.182,0.27,0.39
22234,0.302,0.4,0.1,0.198
22235,0.288,0.226,0.12,0.366
22236,0.518,0.142,0.122,0.218
22237,0.252,0.162,0.23,0.356
22238,0.104,0.222,0.408,0.266
22239,0.094,0.506,0.18,0.22
22240,0.148,0.27,0.2,0.382
22241,0.22,0.198,0.174,0.408
22242,0.382,0.202,0.094,0.322
22243,0.132,0.45,0.102,0.316
22244,0.266,0.432,0.13,0.172
22245,0.404,0.158,0.138,0.3
22246,0.154,0.408,0.138,0.3
22247,0.12,0.144,0.422,0.314
22248,0.404,0.132,0.324,0.14
22249,0.16,0.196,0.21,0.434
22250,0.352,0.134,0.19,0.324
22251,0.138,0.162,0.262,0.438
22252,0.148,0.114,0.392,0.346
22253,0.168,0.336,0.154,0.342
22254,0.11,0.158,0.264,0.468
22255,0.154,0.142,0.198,0.506
22256,0.208,0.13,0.19,0.472
22257,0.368,0.146,0.166,0.32
22258,0.104,0.316,0.292,0.288
22259,0.188,0.132,0.142,0.538
22260,0.124,0.166,0.214,0.496
22261,0.158,0.14,0.288,0.414
22262,0.33,0.206,0.134,0.33
22263,0.146,0.206,0.118,0.53
22264,0.278,0.26,0.088,0.374
22265,0.206,0.156,0.36,0.278
22266,0.162,0.104,0.226,0.508
22267,0.116,0.088,0.308,0.488
22268,0.232,0.18,0.14,0.448
22269,0.242,0.478,0.118,0.162
22270,0.184,0.182,0.312,0.322
22271,0.16,0.27,0.358,0.212
22272,0.216,0.368,0.152,0.264
22273,0.27,0.228,0.24,0.262
22274,0.25,0.358,0.122,0.27
22275,0.154,0.422,0.184,0.24
22276,0.152,0.236,0.304,0.308
22277,0.298,0.19,0.366,0.146
22278,0.128,0.264,0.33,0.278
22279,0.376,0.202,0.172,0.25
22280,0.206,0.216,0.252,0.326
22281,0.472,0.138,0.196,0.194
22282,0.142,0.312,0.4,0.146
22283,0.172,0.244,0.246,0.338
22284,0.298,0.184,0.364,0.154
22285,0.144,0.298,0.172,0.386
22286,0.176,0.148,0.376,0.3
22287,0.33,0.212,0.142,0.316
22288,0.282,0.25,0.194,0.274
22289,0.186,0.422,0.196,0.196
22290,0.254,0.184,0.332,0.23
22291,0.44,0.194,0.18,0.186
22292,0.306,0.24,0.208,0.246
22293,0.206,0.39,0.156,0.248
22294,0.264,0.26,0.222,0.254
22295,0.246,0.212,0.344,0.198
22296,0.248,0.252,0.222,0.278
22297,0.214,0.26,0.31,0.216
22298,0.202,0.264,0.35,0.184
22299,0.176,0.416,0.198,0.21
22300,0.422,0.288,0.142,0.148
22301,0.146,0.266,0.422,0.166
22302,0.174,0.42,0.158,0.248
22303,0.266,0.248,0.236,0.25
22304,0.21,0.386,0.138,0.266
22305,0.176,0.314,0.254,0.256
22306,0.25,0.246,0.296,0.208
22307,0.188,0.272,0.19,0.35
22308,0.152,0.278,0.226,0.344
22309,0.264,0.168,0.162,0.406
22310,0.262,0.174,0.192,0.372
22311,0.198,0.354,0.164,0.284
22312,0.462,0.162,0.118,0.258
22313,0.36,0.226,0.142,0.272
22314,0.264,0.308,0.192,0.236
22315,0.258,0.248,0.168,0.326
22316,0.154,0.372,0.128,0.346
22317,0.172,0.326,0.194,0.308
22318,0.174,0.162,0.38,0.284
22319,0.304,0.266,0.132,0.298
22320,0.168,0.278,0.336,0.218
22321,0.246,0.164,0.18,0.41
22322,0.154,0.178,0.304,0.364
22323,0.166,0.238,0.198,0.398
22324,0.182,0.324,0.262,0.232
22325,0.192,0.232,0.158,0.418
22326,0.31,0.154,0.216,0.32
22327,0.304,0.232,0.258,0.206
22328,0.2,0.178,0.28,0.342
22329,0.226,0.176,0.16,0.438
22330,0.214,0.176,0.288,0.322
22331,0.18,0.208,0.16,0.452
22332,0.208,0.158,0.21,0.424
22333,0.376,0.128,0.268,0.228
22334,0.182,0.132,0.324,0.362
22335,0.286,0.244,0.168,0.302
22336,0.374,0.216,0.16,0.25
22337,0.13,0.298,0.306,0.266
22338,0.194,0.228,0.148,0.43
22339,0.164,0.142,0.39,0.304
22340,0.158,0.226,0.188,0.428
22341,0.238,0.164,0.16,0.438
22342,0.21,0.214,0.318,0.258
22343,0.17,0.396,0.156,0.278
22344,0.172,0.296,0.292,0.24
22345,0.394,0.174,0.212,0.22
22346,0.322,0.216,0.206,0.256
22347,0.168,0.272,0.34,0.22
22348,0.156,0.224,0.416,0.204
22349,0.284,0.332,0.244,0.14
22350,0.3,0.26,0.286,0.154
22351,0.232,0.204,0.392,0.172
22352,0.416,0.18,0.192,0.212
22353,0.174,0.2,0.352,0.274
22354,0.208,0.354,0.19,0.248
22355,0.216,0.256,0.252,0.276
22356,0.134,0.216,0.404,0.246
22357,0.178,0.442,0.168,0.212
22358,0.41,0.214,0.176,0.2
22359,0.248,0.362,0.262,0.128
22360,0.192,0.4,0.146,0.262
22361,0.252,0.25,0.188,0.31
22362,0.136,0.318,0.23,0.316
22363,0.186,0.196,0.276,0.342
22364,0.226,0.222,0.276,0.276
22365,0.224,0.25,0.27,0.256
22366,0.298,0.262,0.306,0.134
22367,0.436,0.154,0.186,0.224
22368,0.236,0.456,0.12,0.188
22369,0.172,0.466,0.152,0.21
22370,0.19,0.388,0.196,0.226
22371,0.36,0.17,0.166,0.304
22372,0.382,0.28,0.136,0.202
22373,0.3,0.124,0.208,0.368
22374,0.26,0.468,0.13,0.142
22375,0.14,0.514,0.126,0.22
22376,0.248,0.174,0.184,0.394
22377,0.208,0.338,0.2,0.254
22378,0.172,0.128,0.51,0.19
22379,0.308,0.37,0.12,0.202
22380,0.156,0.208,0.288,0.348
22381,0.18,0.35,0.176,0.294
22382,0.132,0.346,0.176,0.346
22383,0.226,0.206,0.206,0.362
22384,0.268,0.422,0.118,0.192
22385,0.254,0.212,0.258,0.276
22386,0.232,0.298,0.34,0.13
22387,0.21,0.176,0.218,0.396
22388,0.29,0.252,0.168,0.29
22389,0.204,0.276,0.3,0.22
22390,0.204,0.204,0.138,0.454
22391,0.294,0.17,0.204,0.332
22392,0.222,0.278,0.126,0.374
22393,0.13,0.204,0.37,0.296
22394,0.154,0.288,0.234,0.324
22395,0.332,0.26,0.108,0.3
22396,0.128,0.144,0.244,0.484
22397,0.378,0.216,0.13,0.276
22398,0.192,0.174,0.336,0.298
22399,0.1,0.174,0.546,0.18
22400,0.114,0.184,0.544,0.158
22401,0.416,0.14,0.16,0.284
22402,0.218,0.27,0.264,0.248
22403,0.23,0.176,0.26,0.334
22404,0.35,0.18,0.298,0.172
22405,0.146,0.27,0.192,0.392
22406,0.154,0.372,0.164,0.31
22407,0.17,0.19,0.29,0.35
22408,0.116,0.182,0.49,0.212
22409,0.306,0.184,0.322,0.188
22410,0.182,0.368,0.31,0.14
22411,0.158,0.3,0.334,0.208
22412,0.204,0.268,0.352,0.176
22413,0.154,0.172,0.212,0.462
22414,0.21,0.448,0.114,0.228
22415,0.116,0.208,0.492,0.184
22416,0.11,0.19,0.482,0.218
22417,0.264,0.142,0.274,0.32
22418,0.128,0.444,0.196,0.232
22419,0.154,0.236,0.184,0.426
22420,0.182,0.328,0.2,0.29
22421,0.292,0.174,0.364,0.17
22422,0.196,0.288,0.164,0.352
22423,0.136,0.214,0.464,0.186
22424,0.392,0.198,0.152,0.258
22425,0.216,0.25,0.184,0.35
22426,0.298,0.212,0.148,0.342
22427,0.254,0.27,0.174,0.302
22428,0.12,0.276,0.196,0.408
22429,0.428,0.216,0.128,0.228
22430,0.14,0.182,0.426,0.252
22431,0.218,0.196,0.164,0.422
22432,0.258,0.384,0.18,0.178
22433,0.18,0.226,0.136,0.458
22434,0.298,0.2,0.176,0.326
22435,0.126,0.246,0.37,0.258
22436,0.106,0.434,0.146,0.314
22437,0.204,0.196,0.158,0.442
22438,0.212,0.228,0.116,0.444
22439,0.168,0.208,0.394,0.23
22440,0.178,0.34,0.288,0.194
22441,0.278,0.268,0.322,0.132
22442,0.212,0.274,0.378,0.136
22443,0.212,0.448,0.21,0.13
22444,0.284,0.228,0.328,0.16
22445,0.196,0.33,0.298,0.176
22446,0.226,0.3,0.372,0.102
22447,0.296,0.336,0.226,0.142
22448,0.208,0.278,0.362,0.152
22449,0.192,0.398,0.232,0.178
22450,0.224,0.316,0.228,0.232
22451,0.192,0.372,0.268,0.168
22452,0.178,0.376,0.254,0.192
22453,0.2,0.316,0.254,0.23
22454,0.268,0.398,0.21,0.124
22455,0.274,0.32,0.224,0.182
22456,0.27,0.228,0.262,0.24
22457,0.224,0.352,0.274,0.15
22458,0.17,0.374,0.258,0.198
22459,0.228,0.382,0.256,0.134
22460,0.186,0.196,0.37,0.248
22461,0.332,0.18,0.274,0.214
22462,0.286,0.284,0.168,0.262
22463,0.164,0.33,0.18,0.326
22464,0.236,0.25,0.256,0.258
22465,0.346,0.322,0.132,0.2
22466,0.222,0.278,0.168,0.332
22467,0.248,0.4,0.196,0.156
22468,0.246,0.23,0.238,0.286
22469,0.296,0.256,0.206,0.242
22470,0.252,0.338,0.154,0.256
22471,0.42,0.276,0.114,0.19
22472,0.14,0.284,0.34,0.236
22473,0.384,0.246,0.202,0.168
22474,0.34,0.172,0.254,0.234
22475,0.25,0.43,0.102,0.218
22476,0.18,0.174,0.342,0.304
22477,0.148,0.224,0.342,0.286
22478,0.124,0.152,0.338,0.386
22479,0.236,0.172,0.162,0.43
22480,0.118,0.278,0.282,0.322
22481,0.192,0.22,0.156,0.432
22482,0.21,0.2,0.17,0.42
22483,0.152,0.216,0.152,0.48
22484,0.23,0.272,0.112,0.386
22485,0.124,0.316,0.168,0.392
22486,0.16,0.186,0.334,0.32
22487,0.144,0.146,0.3,0.41
22488,0.138,0.192,0.314,0.356
22489,0.25,0.16,0.27,0.32
22490,0.144,0.362,0.126,0.368
22491,0.12,0.414,0.108,0.358
22492,0.134,0.268,0.26,0.338
22493,0.15,0.324,0.296,0.23
22494,0.218,0.146,0.272,0.364
22495,0.124,0.248,0.246,0.382
22496,0.202,0.158,0.166,0.474
22497,0.214,0.382,0.238,0.166
22498,0.162,0.218,0.238,0.382
22499,0.324,0.17,0.134,0.372
22500,0.384,0.188,0.134,0.294
22501,0.334,0.174,0.192,0.3
22502,0.236,0.2,0.174,0.39
22503,0.23,0.154,0.17,0.446
22504,0.158,0.39,0.124,0.328
22505,0.28,0.156,0.146,0.418
22506,0.294,0.238,0.21,0.258
22507,0.124,0.404,0.158,0.314
22508,0.102,0.516,0.132,0.25
22509,0.404,0.146,0.148,0.302
22510,0.142,0.504,0.13,0.224
22511,0.232,0.16,0.37,0.238
22512,0.236,0.138,0.202,0.424
22513,0.214,0.15,0.166,0.47
22514,0.142,0.48,0.136,0.242
22515,0.124,0.154,0.306,0.416
22516,0.138,0.38,0.174,0.308
22517,0.19,0.182,0.266,0.362
22518,0.22,0.15,0.218,0.412
22519,0.186,0.262,0.128,0.424
22520,0.344,0.228,0.128,0.3
22521,0.116,0.336,0.228,0.32
22522,0.122,0.17,0.372,0.336
22523,0.094,0.45,0.142,0.314
22524,0.13,0.136,0.26,0.474
22525,0.3,0.148,0.334,0.218
22526,0.31,0.31,0.108,0.272
22527,0.136,0.288,0.19,0.386
22528,0.132,0.174,0.33,0.364
22529,0.13,0.372,0.182,0.316
22530,0.136,0.196,0.208,0.46
22531,0.14,0.166,0.416,0.278
22532,0.184,0.224,0.122,0.47
22533,0.15,0.248,0.186,0.416
22534,0.198,0.262,0.142,0.398
22535,0.174,0.226,0.3,0.3
22536,0.13,0.358,0.21,0.302
22537,0.112,0.3,0.344,0.244
22538,0.178,0.25,0.174,0.398
22539,0.152,0.26,0.356,0.232
22540,0.158,0.224,0.136,0.482
22541,0.124,0.286,0.204,0.386
22542,0.134,0.22,0.336,0.31
22543,0.282,0.17,0.16,0.388
22544,0.11,0.162,0.382,0.346
22545,0.13,0.322,0.214,0.334
22546,0.312,0.332,0.142,0.214
22547,0.318,0.236,0.216,0.23
22548,0.192,0.138,0.366,0.304
22549,0.274,0.156,0.212,0.358
22550,0.124,0.248,0.444,0.184
22551,0.13,0.292,0.268,0.31
22552,0.146,0.184,0.18,0.49
22553,0.176,0.396,0.13,0.298
22554,0.15,0.16,0.386,0.304
22555,0.148,0.27,0.308,0.274
22556,0.234,0.588,0.114,0.064
22557,0.134,0.206,0.152,0.508
22558,0.166,0.142,0.594,0.098
22559,0.138,0.37,0.174,0.318
22560,0.162,0.238,0.154,0.446
22561,0.11,0.376,0.408,0.106
22562,0.382,0.332,0.188,0.098
22563,0.342,0.108,0.194,0.356
22564,0.392,0.114,0.15,0.344
22565,0.1,0.214,0.358,0.328
22566,0.298,0.428,0.174,0.1
22567,0.156,0.142,0.36,0.342
22568,0.154,0.166,0.134,0.546
22569,0.364,0.132,0.406,0.098
22570,0.174,0.168,0.324,0.334
22571,0.34,0.312,0.088,0.26
22572,0.16,0.406,0.108,0.326
22573,0.37,0.22,0.172,0.238
22574,0.19,0.188,0.3,0.322
22575,0.124,0.324,0.278,0.274
22576,0.218,0.432,0.122,0.228
22577,0.374,0.352,0.132,0.142
22578,0.09,0.322,0.448,0.14
22579,0.172,0.182,0.234,0.412
22580,0.392,0.216,0.2,0.192
22581,0.138,0.23,0.304,0.328
22582,0.424,0.16,0.282,0.134
22583,0.188,0.174,0.362,0.276
22584,0.128,0.332,0.246,0.294
22585,0.238,0.4,0.148,0.214
22586,0.096,0.512,0.162,0.23
22587,0.272,0.146,0.178,0.404
22588,0.208,0.12,0.268,0.404
22589,0.32,0.446,0.162,0.072
22590,0.178,0.122,0.31,0.39
22591,0.266,0.14,0.464,0.13
22592,0.234,0.34,0.18,0.246
22593,0.306,0.244,0.138,0.312
22594,0.158,0.15,0.39,0.302
22595,0.17,0.19,0.204,0.436
22596,0.324,0.244,0.22,0.212
22597,0.104,0.194,0.344,0.358
22598,0.148,0.384,0.148,0.32
22599,0.214,0.166,0.176,0.444
22600,0.158,0.164,0.16,0.518
22601,0.24,0.142,0.16,0.458
22602,0.376,0.16,0.14,0.324
22603,0.308,0.166,0.164,0.362
22604,0.136,0.232,0.25,0.382
22605,0.388,0.144,0.144,0.324
22606,0.26,0.126,0.358,0.256
22607,0.2,0.148,0.284,0.368
22608,0.136,0.376,0.128,0.36
22609,0.198,0.222,0.174,0.406
22610,0.134,0.392,0.162,0.312
22611,0.176,0.184,0.316,0.324
22612,0.162,0.172,0.282,0.384
22613,0.42,0.192,0.152,0.236
22614,0.384,0.264,0.114,0.238
22615,0.166,0.394,0.218,0.222
22616,0.454,0.17,0.206,0.17
22617,0.194,0.204,0.374,0.228
22618,0.356,0.098,0.248,0.298
22619,0.136,0.324,0.168,0.372
22620,0.15,0.464,0.182,0.204
22621,0.202,0.186,0.338,0.274
22622,0.23,0.246,0.182,0.342
22623,0.178,0.376,0.138,0.308
22624,0.156,0.324,0.164,0.356
22625,0.218,0.172,0.182,0.428
22626,0.2,0.18,0.244,0.376
22627,0.216,0.172,0.312,0.3
22628,0.148,0.262,0.354,0.236
22629,0.162,0.322,0.17,0.346
22630,0.26,0.322,0.214,0.204
22631,0.216,0.34,0.164,0.28
22632,0.236,0.246,0.202,0.316
22633,0.182,0.212,0.256,0.35
22634,0.176,0.316,0.238,0.27
22635,0.186,0.368,0.154,0.292
22636,0.176,0.308,0.248,0.268
22637,0.374,0.188,0.168,0.27
22638,0.2,0.27,0.168,0.362
22639,0.182,0.262,0.188,0.368
22640,0.16,0.188,0.384,0.268
22641,0.14,0.36,0.262,0.238
22642,0.188,0.262,0.216,0.334
22643,0.226,0.208,0.236,0.33
22644,0.166,0.262,0.322,0.25
22645,0.232,0.246,0.21,0.312
22646,0.214,0.202,0.228,0.356
22647,0.322,0.266,0.174,0.238
22648,0.408,0.24,0.154,0.198
22649,0.17,0.346,0.174,0.31
22650,0.124,0.268,0.216,0.392
22651,0.134,0.186,0.372,0.308
22652,0.152,0.176,0.232,0.44
22653,0.112,0.23,0.392,0.266
22654,0.166,0.216,0.214,0.404
22655,0.146,0.372,0.158,0.324
22656,0.228,0.268,0.308,0.196
22657,0.238,0.202,0.178,0.382
22658,0.162,0.172,0.206,0.46
22659,0.122,0.194,0.408,0.276
22660,0.336,0.18,0.166,0.318
22661,0.292,0.194,0.208,0.306
22662,0.11,0.242,0.382,0.266
22663,0.17,0.434,0.132,0.264
22664,0.128,0.398,0.152,0.322
22665,0.338,0.19,0.288,0.184
22666,0.226,0.266,0.128,0.38
22667,0.128,0.284,0.324,0.264
22668,0.158,0.232,0.22,0.39
22669,0.19,0.208,0.22,0.382
22670,0.162,0.282,0.234,0.322
22671,0.188,0.178,0.392,0.242
22672,0.284,0.194,0.202,0.32
22673,0.284,0.222,0.162,0.332
22674,0.248,0.176,0.374,0.202
22675,0.14,0.274,0.296,0.29
22676,0.154,0.416,0.15,0.28
22677,0.276,0.176,0.298,0.25
22678,0.182,0.218,0.212,0.388
22679,0.128,0.36,0.148,0.364
22680,0.158,0.244,0.28,0.318
22681,0.164,0.29,0.164,0.382
22682,0.274,0.404,0.104,0.218
22683,0.184,0.138,0.436,0.242
22684,0.24,0.324,0.24,0.196
22685,0.218,0.212,0.218,0.352
22686,0.426,0.15,0.146,0.278
22687,0.164,0.356,0.148,0.332
22688,0.474,0.26,0.168,0.098
22689,0.204,0.396,0.24,0.16
22690,0.12,0.264,0.458,0.158
22691,0.136,0.418,0.32,0.126
22692,0.164,0.324,0.214,0.298
22693,0.196,0.338,0.134,0.332
22694,0.552,0.14,0.142,0.166
22695,0.194,0.144,0.368,0.294
22696,0.134,0.408,0.138,0.32
22697,0.16,0.348,0.14,0.352
22698,0.318,0.332,0.108,0.242
22699,0.474,0.142,0.172,0.212
22700,0.302,0.18,0.132,0.386
22701,0.166,0.254,0.144,0.436
22702,0.206,0.13,0.442,0.222
22703,0.304,0.104,0.424,0.168
22704,0.144,0.404,0.13,0.322
22705,0.138,0.364,0.148,0.35
22706,0.3,0.174,0.276,0.25
22707,0.15,0.448,0.134,0.268
22708,0.136,0.212,0.342,0.31
22709,0.2,0.448,0.128,0.224
22710,0.208,0.268,0.162,0.362
22711,0.412,0.198,0.176,0.214
22712,0.192,0.282,0.138,0.388
22713,0.19,0.188,0.268,0.354
22714,0.142,0.224,0.372,0.262
22715,0.256,0.234,0.174,0.336
22716,0.224,0.192,0.214,0.37
22717,0.194,0.156,0.322,0.328
22718,0.294,0.166,0.176,0.364
22719,0.392,0.176,0.154,0.278
22720,0.108,0.288,0.262,0.342
22721,0.366,0.246,0.118,0.27
22722,0.202,0.212,0.18,0.406
22723,0.146,0.36,0.142,0.352
22724,0.212,0.174,0.38,0.234
22725,0.188,0.342,0.282,0.188
22726,0.188,0.458,0.154,0.2
22727,0.198,0.258,0.402,0.142
22728,0.186,0.38,0.264,0.17
22729,0.314,0.3,0.25,0.136
22730,0.172,0.35,0.274,0.204
22731,0.16,0.378,0.232,0.23
22732,0.302,0.286,0.236,0.176
22733,0.214,0.346,0.218,0.222
22734,0.19,0.446,0.188,0.176
22735,0.148,0.458,0.282,0.112
22736,0.146,0.308,0.414,0.132
22737,0.404,0.218,0.178,0.2
22738,0.328,0.226,0.288,0.158
22739,0.278,0.308,0.206,0.208
22740,0.158,0.456,0.244,0.142
22741,0.42,0.218,0.244,0.118
22742,0.18,0.358,0.35,0.112
22743,0.232,0.42,0.186,0.162
22744,0.18,0.402,0.18,0.238
22745,0.282,0.214,0.238,0.266
22746,0.202,0.308,0.306,0.184
22747,0.43,0.19,0.176,0.204
22748,0.328,0.162,0.388,0.122
22749,0.144,0.244,0.404,0.208
22750,0.278,0.228,0.342,0.152
22751,0.176,0.28,0.384,0.16
22752,0.4,0.17,0.25,0.18
22753,0.252,0.382,0.2,0.166
22754,0.31,0.33,0.26,0.1
22755,0.176,0.196,0.376,0.252
22756,0.252,0.238,0.262,0.248
22757,0.24,0.19,0.24,0.33
22758,0.178,0.312,0.366,0.144
22759,0.28,0.324,0.176,0.22
22760,0.196,0.216,0.35,0.238
22761,0.152,0.446,0.13,0.272
22762,0.144,0.346,0.334,0.176
22763,0.144,0.446,0.19,0.22
22764,0.184,0.452,0.12,0.244
22765,0.324,0.31,0.14,0.226
22766,0.354,0.272,0.244,0.13
22767,0.212,0.132,0.324,0.332
22768,0.12,0.236,0.34,0.304
22769,0.17,0.504,0.118,0.208
22770,0.444,0.17,0.116,0.27
22771,0.216,0.17,0.43,0.184
22772,0.408,0.21,0.162,0.22
22773,0.172,0.4,0.136,0.292
22774,0.134,0.318,0.332,0.216
22775,0.138,0.432,0.246,0.184
22776,0.22,0.244,0.148,0.388
22777,0.136,0.396,0.206,0.262
22778,0.136,0.182,0.364,0.318
22779,0.226,0.296,0.266,0.212
22780,0.2,0.386,0.188,0.226
22781,0.138,0.222,0.426,0.214
22782,0.11,0.16,0.304,0.426
22783,0.136,0.15,0.406,0.308
22784,0.16,0.432,0.114,0.294
22785,0.226,0.298,0.22,0.256
22786,0.206,0.13,0.342,0.322
22787,0.306,0.172,0.164,0.358
22788,0.418,0.122,0.156,0.304
22789,0.388,0.138,0.158,0.316
22790,0.082,0.318,0.402,0.198
22791,0.17,0.24,0.128,0.462
22792,0.098,0.108,0.55,0.244
22793,0.558,0.108,0.124,0.21
22794,0.1,0.266,0.322,0.312
22795,0.172,0.386,0.106,0.336
22796,0.448,0.124,0.15,0.278
22797,0.108,0.108,0.464,0.32
22798,0.154,0.166,0.216,0.464
22799,0.446,0.12,0.144,0.29
22800,0.348,0.15,0.214,0.288
22801,0.182,0.25,0.234,0.334
22802,0.132,0.32,0.2,0.348
22803,0.414,0.262,0.132,0.192
22804,0.232,0.15,0.29,0.328
22805,0.218,0.262,0.162,0.358
22806,0.128,0.338,0.164,0.37
22807,0.322,0.128,0.302,0.248
22808,0.144,0.334,0.198,0.324
22809,0.154,0.186,0.404,0.256
22810,0.132,0.376,0.232,0.26
22811,0.196,0.178,0.242,0.384
22812,0.18,0.31,0.16,0.35
22813,0.38,0.124,0.224,0.272
22814,0.182,0.412,0.112,0.294
22815,0.142,0.356,0.158,0.344
22816,0.224,0.184,0.152,0.44
22817,0.364,0.22,0.13,0.286
22818,0.138,0.324,0.274,0.264
22819,0.178,0.156,0.338,0.328
22820,0.142,0.282,0.342,0.234
22821,0.174,0.172,0.294,0.36
22822,0.228,0.164,0.298,0.31
22823,0.136,0.328,0.168,0.368
22824,0.136,0.37,0.178,0.316
22825,0.266,0.172,0.382,0.18
22826,0.204,0.16,0.282,0.354
22827,0.418,0.118,0.17,0.294
22828,0.112,0.254,0.432,0.202
22829,0.132,0.356,0.272,0.24
22830,0.144,0.15,0.48,0.226
22831,0.142,0.388,0.106,0.364
22832,0.188,0.142,0.396,0.274
22833,0.214,0.446,0.098,0.242
22834,0.18,0.178,0.222,0.42
22835,0.232,0.182,0.15,0.436
22836,0.152,0.378,0.144,0.326
22837,0.17,0.29,0.172,0.368
22838,0.26,0.226,0.152,0.362
22839,0.198,0.236,0.292,0.274
22840,0.364,0.148,0.19,0.298
22841,0.222,0.212,0.164,0.402
22842,0.312,0.2,0.158,0.33
22843,0.246,0.2,0.31,0.244
22844,0.346,0.142,0.356,0.156
22845,0.35,0.182,0.262,0.206
22846,0.186,0.424,0.134,0.256
22847,0.322,0.312,0.138,0.228
22848,0.242,0.192,0.144,0.422
22849,0.312,0.12,0.416,0.152
22850,0.318,0.126,0.312,0.244
22851,0.136,0.416,0.134,0.314
22852,0.388,0.184,0.12,0.308
22853,0.394,0.126,0.318,0.162
22854,0.184,0.196,0.152,0.468
22855,0.372,0.198,0.142,0.288
22856,0.112,0.16,0.386,0.342
22857,0.156,0.148,0.246,0.45
22858,0.224,0.264,0.332,0.18
22859,0.194,0.484,0.124,0.198
22860,0.188,0.234,0.254,0.324
22861,0.166,0.37,0.246,0.218
22862,0.228,0.242,0.2,0.33
22863,0.226,0.446,0.122,0.206
22864,0.164,0.27,0.248,0.318
22865,0.272,0.252,0.17,0.306
22866,0.214,0.148,0.35,0.288
22867,0.168,0.2,0.398,0.234
22868,0.156,0.238,0.246,0.36
22869,0.208,0.226,0.254,0.312
22870,0.41,0.226,0.158,0.206
22871,0.142,0.548,0.114,0.196
22872,0.166,0.484,0.13,0.22
22873,0.17,0.266,0.224,0.34
22874,0.174,0.394,0.13,0.302
22875,0.144,0.434,0.18,0.242
22876,0.184,0.428,0.16,0.228
22877,0.262,0.23,0.166,0.342
22878,0.174,0.144,0.394,0.288
22879,0.238,0.188,0.346,0.228
22880,0.268,0.242,0.328,0.162
22881,0.276,0.176,0.274,0.274
22882,0.144,0.442,0.13,0.284
22883,0.234,0.19,0.296,0.28
22884,0.132,0.244,0.32,0.304
22885,0.352,0.178,0.11,0.36
22886,0.228,0.158,0.192,0.422
22887,0.168,0.442,0.114,0.276
22888,0.42,0.226,0.146,0.208
22889,0.14,0.152,0.434,0.274
22890,0.282,0.418,0.134,0.166
22891,0.222,0.326,0.24,0.212
22892,0.314,0.12,0.338,0.228
22893,0.392,0.134,0.238,0.236
22894,0.166,0.2,0.168,0.466
22895,0.29,0.286,0.16,0.264
22896,0.34,0.452,0.086,0.122
22897,0.118,0.184,0.47,0.228
22898,0.272,0.19,0.274,0.264
22899,0.52,0.174,0.112,0.194
22900,0.226,0.298,0.17,0.306
22901,0.252,0.342,0.156,0.25
22902,0.144,0.436,0.128,0.292
22903,0.224,0.17,0.466,0.14
22904,0.562,0.134,0.106,0.198
22905,0.372,0.284,0.118,0.226
22906,0.506,0.262,0.07,0.162
22907,0.17,0.226,0.424,0.18
22908,0.314,0.288,0.23,0.168
22909,0.18,0.532,0.09,0.198
22910,0.298,0.206,0.166,0.33
22911,0.204,0.294,0.176,0.326
22912,0.16,0.528,0.192,0.12
22913,0.266,0.302,0.306,0.126
22914,0.132,0.308,0.264,0.296
22915,0.402,0.2,0.188,0.21
22916,0.192,0.346,0.152,0.31
22917,0.25,0.182,0.214,0.354
22918,0.352,0.184,0.174,0.29
22919,0.148,0.45,0.166,0.236
22920,0.192,0.136,0.424,0.248
22921,0.272,0.238,0.15,0.34
22922,0.148,0.344,0.166,0.342
22923,0.108,0.32,0.218,0.354
22924,0.414,0.19,0.174,0.222
22925,0.254,0.244,0.14,0.362
22926,0.264,0.192,0.232,0.312
22927,0.168,0.158,0.244,0.43
22928,0.372,0.246,0.162,0.22
22929,0.146,0.43,0.22,0.204
22930,0.16,0.23,0.318,0.292
22931,0.186,0.294,0.354,0.166
22932,0.178,0.182,0.16,0.48
22933,0.33,0.202,0.138,0.33
22934,0.214,0.21,0.248,0.328
22935,0.192,0.392,0.202,0.214
22936,0.352,0.146,0.234,0.268
22937,0.332,0.174,0.176,0.318
22938,0.36,0.208,0.166,0.266
