"No","Ch1","Ch2","Ch3","Ch4"
21566,0.226886556721639,0.0934532733633185,0.270864567716142,0.4087956021989
21567,0.0664667666166915,0.281859070464768,0.415292353823088,0.236381809095452
21568,0.200899550224888,0.525737131434282,0.0704647676161919,0.202898550724638
21569,0.517741129435282,0.0814592703648175,0.205897051474263,0.194902548725637
21570,0.144927536231884,0.266866566716642,0.520489755122438,0.0677161419290355
21571,0.0762118940529736,0.588455772113943,0.159420289855072,0.175912043978011
21572,0.190904547726137,0.076711644177911,0.489505247376312,0.24287856071964
21573,0.197901049475262,0.091704147926037,0.242378810594703,0.468015992003998
21574,0.0892053973013495,0.274862568715642,0.42903548225887,0.206896551724138
21575,0.0614692653673164,0.144927536231884,0.569215392303848,0.224387806096952
21576,0.251374312843578,0.107446276861569,0.380309845077461,0.260869565217391
21577,0.311344327836082,0.172413793103448,0.456271864067966,0.0599700149925036
21578,0.428035982008996,0.244377811094453,0.0952023988005995,0.232383808095952
21579,0.075712143928036,0.2063968015992,0.235882058970515,0.482008995502249
21580,0.0679660169915041,0.507746126936532,0.161419290354823,0.262868565717141
21581,0.44752623688156,0.183908045977011,0.0867066466766615,0.281859070464768
21582,0.0772113943028486,0.172413793103448,0.439530234882559,0.310844577711144
21583,0.085457271364318,0.179910044977511,0.218390804597701,0.51624187906047
21584,0.209895052473763,0.286356821589205,0.101699150424788,0.402048975512244
21585,0.412043978010994,0.223888055972014,0.0777111444277861,0.286356821589205
21586,0.199400299850075,0.493753123438281,0.091454272863568,0.215392303848076
21587,0.06271864067966,0.541479260369815,0.174912543728136,0.220889555222389
21588,0.063718140929535,0.158920539730135,0.487506246876561,0.289855072463768
21589,0.166916541729135,0.072463768115942,0.504247876061969,0.256371814092954
21590,0.066966516741629,0.158420789605197,0.512743628185907,0.261869065467266
21591,0.0612193903048475,0.182408795602199,0.456521739130435,0.299850074962519
21592,0.181409295352324,0.297351324337831,0.067216391804098,0.454022988505747
21593,0.484507746126936,0.224387806096952,0.0662168915542229,0.224887556221889
21594,0.079710144927536,0.199400299850075,0.23288355822089,0.488005997001499
21595,0.264367816091954,0.218890554722639,0.061719140429785,0.455022488755622
21596,0.169915042478761,0.600949525237381,0.0442278860569715,0.184907546226887
21597,0.272863568215892,0.372563718140929,0.0627186406796601,0.291854072963518
21598,0.06271864067966,0.42103948025987,0.292353823088456,0.223888055972014
21599,0.218390804597701,0.431534232883558,0.267866066966517,0.082208895552224
21600,0.148925537231384,0.226386806596702,0.0697151424287855,0.554972513743129
21601,0.0754622688655671,0.207396301849075,0.20039980009995,0.516741629185407
21602,0.051974012993503,0.453273363318341,0.287856071964018,0.206896551724138
21603,0.330834582708646,0.158920539730135,0.0737131434282859,0.436531734132934
21604,0.0472263868065967,0.213393303348326,0.46951524237881,0.269865067466267
21605,0.192903548225887,0.0472263868065967,0.46751624187906,0.292353823088456
21606,0.213393303348326,0.055222388805597,0.434532733633183,0.296851574212894
21607,0.500249875062469,0.19240379810095,0.0424787606196901,0.264867566216892
21608,0.199400299850075,0.502998500749625,0.053223388305847,0.244377811094453
21609,0.117941029485257,0.0537231384307846,0.442528735632184,0.385807096451774
21610,0.35232383808096,0.299350324837581,0.0494752623688156,0.298850574712644
21611,0.0454772613693154,0.16391804097951,0.498250874562719,0.292353823088456
21612,0.571964017991004,0.133933033483258,0.237881059470265,0.0562218890554725
21613,0.0537231384307846,0.247876061969015,0.389555222388806,0.308845577211394
21614,0.0409795102448776,0.389805097451275,0.286356821589205,0.282858570714643
21615,0.222888555722139,0.417291354322839,0.047976011994003,0.311844077961019
21616,0.192903548225887,0.0399800099950025,0.608695652173914,0.158420789605197
21617,0.0827086456771615,0.277861069465267,0.257871064467766,0.381559220389805
21618,0.219890054972514,0.0624687656171914,0.252873563218391,0.464767616191904
21619,0.205397301349325,0.205897051474263,0.0679660169915041,0.520739630184908
21620,0.104947526236882,0.613943028485757,0.0422288855572214,0.23888055972014
21621,0.072713643178411,0.331834082958521,0.174412793603198,0.42103948025987
21622,0.0654672663668165,0.301849075462269,0.166416791604198,0.466266866566717
21623,0.251374312843578,0.454272863568216,0.1984007996002,0.095952023988006
21624,0.469015492253873,0.254872563718141,0.088705647176412,0.187406296851574
21625,0.0817091454272864,0.201899050474763,0.457021489255372,0.259370314842579
21626,0.478010994502749,0.221389305347326,0.098200899550225,0.2023988005997
21627,0.0924537731134434,0.264867566216892,0.430284857571214,0.212393803098451
21628,0.227386306846577,0.555222388805597,0.149925037481259,0.0674662668665665
21629,0.482758620689655,0.225887056471764,0.088455772113943,0.202898550724638
21630,0.0859570214892555,0.24487756121939,0.239880059970015,0.42928535732134
21631,0.226386806596702,0.174412793603198,0.535732133933033,0.0634682658670665
21632,0.202898550724638,0.261869065467266,0.435532233883059,0.0997001499250375
21633,0.0867066466766615,0.41304347826087,0.211394302848576,0.288855572213893
21634,0.249375312343828,0.524487756121939,0.162418790604698,0.063718140929535
21635,0.151424287856072,0.615692153923038,0.16391804097951,0.0689655172413795
21636,0.477011494252874,0.233383308345827,0.0892053973013495,0.20039980009995
21637,0.31384307846077,0.426286856571714,0.0814592703648174,0.178410794602699
21638,0.233883058470765,0.416791604197901,0.28535732133933,0.063968015992004
21639,0.243378310844578,0.5039980009995,0.083208395802099,0.169415292353823
21640,0.440029985007496,0.286356821589205,0.195902048975512,0.0777111444277861
21641,0.288355822088956,0.362068965517241,0.280859570214893,0.0687156421789104
21642,0.4960019990005,0.084207896051974,0.228885557221389,0.190904547726137
21643,0.0654672663668166,0.226886556721639,0.533233383308346,0.174412793603198
21644,0.375562218890555,0.276361819090455,0.0722138930534735,0.275862068965517
21645,0.063968015992004,0.586706646676662,0.158920539730135,0.190404797601199
21646,0.079960019990005,0.228385807096452,0.471264367816092,0.220389805097451
21647,0.194902548725637,0.0902048975512245,0.476511744127937,0.238380809595202
21648,0.286356821589205,0.180409795102449,0.451274362818591,0.081959020489755
21649,0.537231384307846,0.152423788105947,0.23688155922039,0.073463268365817
21650,0.0714642678660671,0.279860069965017,0.401799100449775,0.24687656171914
21651,0.510744627686156,0.0644677661169415,0.168415792103948,0.256371814092954
21652,0.199900049975012,0.074462768615692,0.226386806596702,0.499250374812594
21653,0.541729135432284,0.205397301349325,0.0559720139930036,0.196901549225387
21654,0.625687156421789,0.0604697651174414,0.15792103948026,0.15592203898051
21655,0.309345327336332,0.0629685157421289,0.498250874562718,0.129435282358821
21656,0.498750624687657,0.0699650174912545,0.194902548725637,0.236381809095452
21657,0.544227886056971,0.074462768615692,0.177411294352824,0.203898050974513
21658,0.540229885057471,0.07896051974013,0.191904047976012,0.188905547226387
21659,0.518740629685158,0.0664667666166915,0.1944027986007,0.220389805097451
21660,0.186906546726637,0.0742128935532234,0.19640179910045,0.54247876061969
21661,0.258870564717641,0.225387306346827,0.0984507746126935,0.417291354322838
21662,0.133433283358321,0.593703148425787,0.057471264367816,0.215392303848076
21663,0.06071964017991,0.168415792103948,0.618940529735132,0.15192403798101
21664,0.0732133933033485,0.213393303348326,0.243878060969515,0.46951524237881
21665,0.437531234382808,0.236381809095452,0.0837081459270365,0.242378810594703
21666,0.0557221389305346,0.361319340329835,0.162918540729635,0.420039980009995
21667,0.0539730134932535,0.348825587206397,0.169915042478761,0.427286356821589
21668,0.389805097451274,0.253873063468266,0.071464267866067,0.284857571214393
21669,0.191404297851074,0.296851574212894,0.0674662668665665,0.444277861069465
21670,0.142428785607196,0.531984007996003,0.0517241379310345,0.273863068465767
21671,0.0359820089955023,0.458770614692653,0.390304847576212,0.114942528735632
21672,0.0594702648675661,0.213893053473263,0.27736131934033,0.44927536231884
21673,0.365317341329336,0.311344327836082,0.0474762618690655,0.275862068965517
21674,0.434532733633183,0.0732133933033485,0.210894552723638,0.28135932033983
21675,0.32783608195902,0.156421789105447,0.0562218890554725,0.45952023988006
21676,0.0497251374312843,0.65992003998001,0.129435282358821,0.160919540229885
21677,0.559220389805098,0.0509745127436281,0.224887556221889,0.164917541229385
21678,0.160919540229885,0.345327336331834,0.436031984007996,0.057721139430285
21679,0.135432283858071,0.519990004997501,0.036231884057971,0.308345827086457
21680,0.294352823588206,0.0657171414292854,0.479510244877561,0.160419790104948
21681,0.303348325837081,0.0867066466766616,0.180909545227386,0.429035482258871
21682,0.374312843578211,0.292353823088456,0.072463768115942,0.260869565217391
21683,0.297851074462769,0.0699650174912545,0.258870564717641,0.373313343328335
21684,0.245877061469265,0.0974512743628185,0.201899050474763,0.454772613693153
21685,0.070214892553723,0.283858070964518,0.152923538230885,0.493003498250874
21686,0.0749625187406296,0.465267366316842,0.262868565717141,0.196901549225387
21687,0.208395802098951,0.0739630184907545,0.430784607696152,0.286856571714143
21688,0.247376311844078,0.0892053973013495,0.184407796101949,0.479010494752624
21689,0.231384307846077,0.539730134932534,0.0549725137431285,0.173913043478261
21690,0.527486256871564,0.267866066966517,0.053223388305847,0.151424287856072
21691,0.178410794602699,0.550724637681159,0.059470264867566,0.211394302848576
21692,0.0459770114942528,0.284857571214393,0.489755122438781,0.179410294852574
21693,0.141929035482259,0.577461269365317,0.0462268865567216,0.234382808595702
21694,0.07896051974013,0.243878060969515,0.164917541229385,0.51224387806097
21695,0.312843578210895,0.400549725137431,0.211394302848576,0.0752123938030984
21696,0.494752623688156,0.229385307346327,0.0664667666166915,0.209395302348826
21697,0.472263868065967,0.083958020989505,0.242378810594703,0.201399300349825
21698,0.212393803098451,0.065217391304348,0.562968515742129,0.159420289855072
21699,0.351824087956022,0.412293853073463,0.0414792603698151,0.1944027986007
21700,0.302848575712144,0.212393803098451,0.0647176411794105,0.420039980009995
21701,0.469015492253873,0.133933033483258,0.05872063968016,0.338330834582709
21702,0.074712643678161,0.436531734132934,0.16391804097951,0.324837581209395
21703,0.164417791104448,0.265367316341829,0.071214392803598,0.499000499750125
21704,0.0709645177411294,0.222888555722139,0.44127936031984,0.264867566216892
21705,0.141929035482259,0.063718140929535,0.46151924037981,0.332833583208396
21706,0.0614692653673165,0.344827586206897,0.140429785107446,0.45327336331834
21707,0.067966016991504,0.535232383808096,0.146426786606697,0.250374812593703
21708,0.0529735132433784,0.533233383308346,0.160919540229885,0.252873563218391
21709,0.196901549225387,0.174912543728136,0.0527236381809095,0.575462268865568
21710,0.265367316341829,0.066216891554223,0.132433783108446,0.535982008995502
21711,0.0487256371814093,0.416041979010495,0.287856071964018,0.247376311844078
21712,0.05872063968016,0.263368315842079,0.118440779610195,0.559470264867566
21713,0.520489755122439,0.173913043478261,0.0612193903048475,0.244377811094453
21714,0.116441779110445,0.536231884057971,0.046976511744128,0.300349825087456
21715,0.394052973513244,0.0707146426786605,0.227386306846577,0.307846076961519
21716,0.0569715142428786,0.173413293353323,0.178910544727636,0.590704647676162
21717,0.169415292353823,0.0484757621189406,0.350324837581209,0.431784107946027
21718,0.251874062968516,0.456271864067966,0.047976011994003,0.243878060969515
21719,0.204897551224388,0.101449275362319,0.209895052473763,0.48375812093953
21720,0.472763618190905,0.193903048475762,0.062968515742129,0.270364817591204
21721,0.075462268865567,0.228885557221389,0.47976011994003,0.215892053973014
21722,0.512493753123439,0.194902548725637,0.0782108945527235,0.214392803598201
21723,0.183408295852074,0.236381809095452,0.080209895052474,0.5
21724,0.461019490254872,0.0867066466766615,0.202898550724638,0.249375312343828
21725,0.0709645177411295,0.259870064967516,0.177911044477761,0.491254372813594
21726,0.0472263868065967,0.371564217891055,0.306346826586707,0.274862568715642
21727,0.252873563218391,0.0674662668665665,0.472763618190905,0.206896551724138
21728,0.153423288355822,0.072713643178411,0.287856071964018,0.486006996501749
21729,0.237881059470265,0.215392303848076,0.0642178910544729,0.482508745627187
21730,0.346826586706647,0.15392303848076,0.0674662668665665,0.431784107946027
21731,0.267366316841579,0.0837081459270365,0.444027986006997,0.204897551224388
21732,0.257871064467766,0.217891054472764,0.0602198900549725,0.464017991004497
21733,0.449025487256372,0.289855072463768,0.0717141429285356,0.189405297351324
21734,0.064967516241879,0.600199900049975,0.142928535732134,0.191904047976012
21735,0.234382808595702,0.245877061469265,0.0707146426786606,0.449025487256372
21736,0.509245377311344,0.236381809095452,0.053473263368316,0.200899550224888
21737,0.253373313343328,0.203398300849575,0.457021489255372,0.0862068965517241
21738,0.284357821089455,0.264867566216892,0.37056471764118,0.0802098950524739
21739,0.213893053473263,0.446776611694153,0.272363818090955,0.066966516741629
21740,0.0719640179910045,0.490754622688655,0.269865067466267,0.167416291854073
21741,0.0804597701149425,0.374812593703149,0.270364817591204,0.274362818590705
21742,0.0909545227386305,0.398300849575213,0.302848575712144,0.207896051974013
21743,0.484257871064468,0.2063968015992,0.0729635182408796,0.236381809095452
21744,0.439030484757621,0.187906046976512,0.290854572713643,0.082208895552224
21745,0.223888055972014,0.0897051474262869,0.276361819090455,0.410044977511245
21746,0.243378310844578,0.460019990004998,0.0672163918040979,0.229385307346327
21747,0.428535732133933,0.355822088955522,0.069215392303848,0.146426786606697
21748,0.28135932033983,0.434282858570714,0.1944027986007,0.0899550224887555
21749,0.0697151424287855,0.448525737131435,0.233883058470765,0.247876061969015
21750,0.0677161419290355,0.166916541729135,0.503998000999501,0.261369315342329
21751,0.339830084957521,0.0697151424287855,0.433533233383309,0.156921539230385
21752,0.482008995502249,0.0732133933033484,0.156421789105447,0.288355822088956
21753,0.287856071964018,0.096201899050475,0.230884557721139,0.385057471264368
21754,0.064967516241879,0.438780609695152,0.15792103948026,0.338330834582709
21755,0.08295852073963,0.215392303848076,0.250374812593703,0.451274362818591
21756,0.0754622688655671,0.460269865067466,0.16191904047976,0.302348825587206
21757,0.185907046476762,0.502498750624687,0.0452273863068466,0.266366816591704
21758,0.177411294352824,0.430784607696152,0.0774612693653174,0.314342828585707
21759,0.412293853073464,0.331334332833583,0.0764617691154425,0.179910044977511
21760,0.151424287856072,0.054472763618191,0.355822088955522,0.438280859570215
21761,0.0382308845577211,0.179410294852574,0.519990004997501,0.262368815592204
21762,0.0949525237381309,0.675662168915542,0.0404797601199401,0.188905547226387
21763,0.476011994002998,0.109945027486257,0.052223888055972,0.361819090454773
21764,0.24487756121939,0.0369815092453773,0.529235382308846,0.188905547226387
21765,0.436281859070465,0.057471264367816,0.15792103948026,0.348325837081459
21766,0.0514742628685655,0.450274862568716,0.103948025987006,0.394302848575712
21767,0.0452273863068466,0.215392303848076,0.397051474262868,0.342328835582209
21768,0.0557221389305345,0.336831584207896,0.423538230884558,0.183908045977011
21769,0.137431284357821,0.203398300849575,0.0482258870564718,0.610944527736132
21770,0.0599700149925035,0.435782108945527,0.245877061469265,0.258370814592704
21771,0.0412293853073464,0.133433283358321,0.454522738630684,0.370814592703648
21772,0.0652173913043479,0.274362818590705,0.366066966516742,0.294352823588206
21773,0.276361819090455,0.394052973513244,0.0752123938030985,0.254372813593203
21774,0.037231384307846,0.193903048475762,0.525987006496752,0.24287856071964
21775,0.239880059970015,0.274862568715642,0.104697651174413,0.38055972013993
21776,0.5039980009995,0.179910044977511,0.089705147426287,0.226386806596702
21777,0.132433783108446,0.0632183908045975,0.45552223888056,0.348825587206397
21778,0.310344827586207,0.179410294852574,0.0782108945527235,0.432033983008495
21779,0.485257371314343,0.16591704147926,0.0644677661169415,0.284357821089455
21780,0.166416791604198,0.0787106446776611,0.437531234382808,0.317341329335332
21781,0.057471264367816,0.154422788605697,0.548225887056472,0.239880059970015
21782,0.47176411794103,0.0629685157421289,0.289355322338831,0.175912043978011
21783,0.277861069465267,0.153423288355822,0.0764617691154425,0.492253873063469
21784,0.585957021489256,0.222388805597201,0.0552223888055971,0.136431784107946
21785,0.141929035482259,0.507246376811594,0.284357821089455,0.0664667666166915
21786,0.0852073963018491,0.174412793603198,0.214892553723138,0.525487256371815
21787,0.156421789105447,0.581959020489755,0.0462268865567216,0.215392303848076
21788,0.428785607196402,0.221389305347326,0.0569715142428786,0.292853573213393
21789,0.0622188905547225,0.236381809095452,0.161419290354823,0.539980009995003
21790,0.49800099950025,0.150424787606197,0.066216891554223,0.28535732133933
21791,0.225887056471764,0.195402298850575,0.073463268365817,0.505247376311844
21792,0.056471764117941,0.226386806596702,0.429285357321339,0.287856071964018
21793,0.0709645177411294,0.171914042978511,0.56471764117941,0.19240379810095
21794,0.0459770114942528,0.414792603698151,0.280859570214893,0.258370814592704
21795,0.310344827586207,0.061719140429785,0.432033983008496,0.195902048975512
21796,0.106946526736632,0.380809595202399,0.255872063968016,0.256371814092954
21797,0.326836581709145,0.410794602698651,0.0699650174912545,0.19240379810095
21798,0.499250374812593,0.0604697651174415,0.235382308845577,0.204897551224388
21799,0.173413293353323,0.0807096451774115,0.165417291354323,0.580459770114943
21800,0.055472263868066,0.140929535232384,0.304847576211894,0.498750624687656
21801,0.0812093953023489,0.221889055472264,0.302848575712144,0.394052973513244
21802,0.0494752623688156,0.19640179910045,0.440779610194902,0.313343328335832
21803,0.0499750124937531,0.126436781609195,0.491754122938531,0.331834082958521
21804,0.301349325337331,0.43728135932034,0.0834582708645676,0.177911044477761
21805,0.547976011994003,0.066216891554223,0.149425287356322,0.236381809095452
21806,0.0632183908045976,0.445527236381809,0.175912043978011,0.315342328835582
21807,0.0699650174912545,0.438780609695152,0.147426286856572,0.343828085957021
21808,0.249875062468766,0.0824587706146925,0.181909045477261,0.48575712143928
21809,0.539980009995003,0.132433783108446,0.052223888055972,0.27536231884058
21810,0.570714642678661,0.0659670164917541,0.185407296351824,0.177911044477761
21811,0.156421789105447,0.543978010994503,0.241879060469765,0.057721139430285
21812,0.0677161419290355,0.136431784107946,0.515992003998001,0.279860069965017
21813,0.222888555722139,0.508495752123938,0.0622188905547226,0.2063968015992
21814,0.0752123938030985,0.463018490754623,0.287856071964018,0.173913043478261
21815,0.211394302848576,0.0717141429285355,0.433533233383309,0.28335832083958
21816,0.235882058970515,0.488505747126437,0.071214392803598,0.20439780109945
21817,0.205897051474263,0.0897051474262869,0.522988505747126,0.181409295352324
21818,0.183908045977011,0.0749625187406296,0.303848075962019,0.43728135932034
21819,0.085457271364318,0.196901549225387,0.176411794102949,0.541229385307346
21820,0.547726136931534,0.173913043478261,0.0749625187406295,0.203398300849575
21821,0.0759620189905049,0.180909545227386,0.470764617691155,0.272363818090955
21822,0.327336331834083,0.461019490254873,0.0527236381809095,0.158920539730135
21823,0.0664667666166916,0.317341329335332,0.401799100449775,0.214392803598201
21824,0.064967516241879,0.497251374312844,0.264867566216892,0.172913543228386
21825,0.0607196401799101,0.337831084457771,0.143428285857071,0.458020989505247
21826,0.183408295852074,0.453023488255872,0.303848075962019,0.059720139930035
21827,0.0677161419290356,0.182908545727136,0.552473763118441,0.196901549225387
21828,0.064967516241879,0.55672163918041,0.131934032983508,0.246376811594203
21829,0.077711144427786,0.241879060469765,0.515992003998001,0.164417791104448
21830,0.211394302848576,0.098950524737631,0.415792103948026,0.273863068465767
21831,0.253373313343328,0.225887056471764,0.066216891554223,0.454522738630685
21832,0.19640179910045,0.446276861569215,0.0709645177411295,0.286356821589205
21833,0.528735632183908,0.073463268365817,0.222888555722139,0.174912543728136
21834,0.506746626686656,0.0959520239880059,0.200899550224888,0.19640179910045
21835,0.081209395302349,0.400549725137431,0.215892053973014,0.302348825587206
21836,0.0689655172413794,0.146926536731634,0.509745127436282,0.274362818590705
21837,0.174912543728136,0.0797101449275361,0.303348325837081,0.442028985507246
21838,0.0857071464267865,0.172913543228386,0.533983008495753,0.207396301849075
21839,0.063718140929535,0.488005997001499,0.163418290854573,0.284857571214393
21840,0.473263368315842,0.211894052973513,0.100949525237382,0.213893053473263
21841,0.427536231884058,0.096201899050475,0.221389305347326,0.254872563718141
21842,0.0614692653673165,0.222888555722139,0.501249375312343,0.214392803598201
21843,0.414292853573213,0.0744627686156921,0.210894552723638,0.300349825087456
21844,0.0629685157421291,0.469765117441279,0.239380309845077,0.227886056971514
21845,0.241879060469765,0.0877061469265365,0.240379810094953,0.430034982508746
21846,0.0764617691154425,0.459770114942529,0.1984007996002,0.265367316341829
21847,0.44127936031984,0.0654672663668164,0.256371814092954,0.23688155922039
21848,0.189405297351324,0.202898550724638,0.090454772613693,0.517241379310345
21849,0.328335832083958,0.448775612193903,0.0504747626186905,0.172413793103448
21850,0.47351324337831,0.19640179910045,0.0742128935532235,0.255872063968016
21851,0.158420789605197,0.612443778110945,0.0537231384307846,0.175412293853073
21852,0.438780609695152,0.217891054472764,0.0804597701149425,0.262868565717141
21853,0.0732133933033485,0.178910544727636,0.493003498250875,0.254872563718141
21854,0.452773613193404,0.0759620189905049,0.186906546726637,0.284357821089455
21855,0.067966016991504,0.294352823588206,0.15192403798101,0.48575712143928
21856,0.491004497751125,0.200899550224888,0.239380309845077,0.0687156421789105
21857,0.0634682658670665,0.363818090954523,0.134932533733133,0.437781109445277
21858,0.52223888055972,0.174412793603198,0.0449775112443778,0.258370814592704
21859,0.465767116441779,0.0674662668665666,0.146926536731634,0.31984007996002
21860,0.533733133433284,0.219390304847576,0.0634682658670665,0.183408295852074
21861,0.060969515242379,0.201399300349825,0.55272363818091,0.184907546226887
21862,0.0432283858070965,0.559970014992504,0.170414792603698,0.226386806596702
21863,0.0574712643678161,0.326836581709145,0.188405797101449,0.427286356821589
21864,0.246376811594203,0.497251374312843,0.0569715142428785,0.199400299850075
21865,0.0592203898050975,0.297351324337831,0.469015492253874,0.174412793603198
21866,0.184907546226887,0.078710644677661,0.516991504247876,0.219390304847576
21867,0.128935532233883,0.0624687656171915,0.184407796101949,0.624187906046976
21868,0.122438780609695,0.058470764617691,0.337831084457771,0.481259370314843
21869,0.259870064967516,0.0602198900549726,0.16791604197901,0.511994002998501
21870,0.203898050974513,0.0892053973013494,0.288855572213893,0.418040979510245
21871,0.585457271364318,0.154422788605697,0.065217391304348,0.194902548725637
21872,0.0444777611194403,0.445777111444278,0.276361819090455,0.233383308345827
21873,0.453273363318341,0.28735632183908,0.210394802598701,0.048975512243878
21874,0.0549725137431285,0.570214892553723,0.171414292853573,0.203398300849575
21875,0.42503748125937,0.316841579210395,0.0632183908045975,0.194902548725637
21876,0.636931534232884,0.140429785107446,0.068215892053973,0.154422788605697
21877,0.0602198900549726,0.367316341829085,0.124437781109445,0.448025987006497
21878,0.359820089955023,0.483258370814592,0.105947026486757,0.0509745127436279
21879,0.189905047476262,0.259870064967516,0.0732133933033485,0.477011494252873
21880,0.584457771114443,0.142428785607196,0.20439780109945,0.0687156421789106
21881,0.066216891554223,0.267366316841579,0.203398300849575,0.463018490754623
21882,0.0824587706146925,0.184907546226887,0.19640179910045,0.53623188405797
21883,0.0602198900549725,0.285857071464268,0.207896051974013,0.446026986506747
21884,0.183908045977011,0.485507246376812,0.0417291354322839,0.288855572213893
21885,0.0489755122438781,0.44927536231884,0.114942528735632,0.386806596701649
21886,0.202898550724638,0.194902548725637,0.0699650174912545,0.53223388305847
21887,0.169915042478761,0.0649675162418789,0.450274862568716,0.314842578710645
21888,0.0527236381809095,0.230384807596202,0.485507246376812,0.231384307846077
21889,0.089705147426287,0.269365317341329,0.257371314342829,0.383558220889555
21890,0.237381309345327,0.092703648175912,0.218890554722639,0.451024487756122
21891,0.434032983508246,0.0902048975512246,0.277861069465267,0.197901049475262
21892,0.0807096451774114,0.288355822088956,0.171914042978511,0.459020489755122
21893,0.169915042478761,0.301349325337331,0.083208395802099,0.445527236381809
21894,0.0784607696151925,0.173413293353323,0.268365817091454,0.47976011994003
21895,0.061969015492254,0.179910044977511,0.529735132433783,0.228385807096452
21896,0.416041979010495,0.205397301349325,0.280359820089955,0.098200899550225
21897,0.199900049975012,0.427786106946527,0.284857571214393,0.087456271864068
21898,0.083958020989505,0.254872563718141,0.377311344327836,0.283858070964518
21899,0.203898050974513,0.0867066466766615,0.514492753623188,0.194902548725637
21900,0.084207896051974,0.179410294852574,0.2023988005997,0.533983008495752
21901,0.161419290354823,0.478010994502749,0.0717141429285355,0.288855572213893
21902,0.067966016991504,0.23688155922039,0.445777111444278,0.249375312343828
21903,0.0762118940529735,0.156421789105447,0.4880059970015,0.27936031984008
21904,0.188405797101449,0.0797101449275361,0.302848575712144,0.42903548225887
21905,0.0699650174912545,0.401299350324837,0.226886556721639,0.301849075462269
21906,0.0659670164917541,0.205397301349325,0.178910544727636,0.549725137431284
21907,0.076711644177911,0.285857071464268,0.206896551724138,0.430534732633683
21908,0.423288355822089,0.236381809095452,0.093953023488256,0.246376811594203
21909,0.23288355822089,0.072463768115942,0.305847076461769,0.388805597201399
21910,0.453773113443279,0.233383308345827,0.0769615192403799,0.235882058970515
21911,0.275862068965517,0.489255372313843,0.0729635182408795,0.16191904047976
21912,0.2063968015992,0.494752623688156,0.053473263368316,0.245377311344328
21913,0.0869565217391305,0.318340829585207,0.179410294852574,0.415292353823088
21914,0.158920539730135,0.0692153923038481,0.199900049975012,0.571964017991004
21915,0.0847076461769115,0.219890054972514,0.392053973013493,0.303348325837081
21916,0.183908045977011,0.0724637681159421,0.203398300849575,0.540229885057471
21917,0.0749625187406296,0.164917541229385,0.174412793603198,0.585707146426787
21918,0.0582208895552225,0.134932533733133,0.583458270864568,0.223388305847076
21919,0.225387306346827,0.0694652673663169,0.560719640179909,0.144427786106947
21920,0.166416791604198,0.222388805597201,0.075962018990505,0.535232383808096
21921,0.12743628185907,0.602698650674663,0.0559720139930035,0.213893053473263
21922,0.433533233383309,0.258870564717641,0.0642178910544729,0.243378310844578
21923,0.174912543728136,0.0699650174912545,0.179910044977511,0.575212393803099
21924,0.173413293353323,0.0857071464267866,0.188405797101449,0.552473763118441
21925,0.465017491254373,0.210394802598701,0.104697651174413,0.219890054972514
21926,0.27936031984008,0.0619690154922539,0.137931034482759,0.520739630184908
21927,0.0719640179910045,0.168415792103948,0.438280859570215,0.321339330334833
21928,0.138430784607696,0.481509245377311,0.066216891554223,0.31384307846077
21929,0.138930534732634,0.05872063968016,0.186406796601699,0.615942028985507
21930,0.0582208895552225,0.213893053473263,0.225887056471764,0.501999000499751
21931,0.0722138930534735,0.194902548725637,0.169415292353823,0.563468265867067
21932,0.0562218890554725,0.11744127936032,0.377311344327836,0.449025487256372
21933,0.0577211394302849,0.301849075462269,0.118440779610195,0.521989005497251
21934,0.060969515242379,0.290854572713643,0.162418790604698,0.48575712143928
21935,0.082208895552224,0.180909545227386,0.183408295852074,0.553473263368316
21936,0.199400299850075,0.220889555222389,0.073463268365817,0.506246876561719
21937,0.0607196401799101,0.139430284857571,0.45152423788106,0.348325837081459
21938,0.054222888555722,0.308345827086457,0.149425287356322,0.488005997001499
21939,0.0599700149925035,0.222888555722139,0.171914042978511,0.545227386306847
21940,0.328835582208896,0.203398300849575,0.053473263368316,0.414292853573214
21941,0.0662168915542231,0.134932533733133,0.269365317341329,0.529485257371315
21942,0.0772113943028486,0.447026486756622,0.182908545727136,0.292853573213393
21943,0.06071964017991,0.262868565717141,0.152923538230885,0.523488255872064
21944,0.053223388305847,0.452023988005997,0.227886056971514,0.266866566716642
21945,0.066216891554223,0.241879060469765,0.147926036981509,0.543978010994503
21946,0.391804097951024,0.247376311844078,0.095952023988006,0.264867566216892
21947,0.472513743128436,0.207396301849075,0.0717141429285356,0.248375812093953
21948,0.067216391804098,0.502498750624688,0.237381309345327,0.192903548225887
21949,0.0727136431784109,0.302848575712144,0.191904047976012,0.432533733133434
21950,0.146926536731634,0.479510244877562,0.0667166416791605,0.306846576711644
21951,0.0657171414292855,0.250374812593703,0.298850574712644,0.385057471264368
21952,0.260869565217391,0.174412793603198,0.0622188905547226,0.502498750624688
21953,0.266866566716642,0.371314342828586,0.069465267366317,0.292353823088456
21954,0.168915542228886,0.0759620189905049,0.188405797101449,0.56671664167916
21955,0.418290854572714,0.0779610194902549,0.216891554222889,0.286856571714143
21956,0.0687156421789105,0.187906046976512,0.201399300349825,0.541979010494753
21957,0.381309345327337,0.0784607696151925,0.262868565717141,0.27736131934033
21958,0.0547226386806595,0.619940029985008,0.150924537731134,0.174412793603198
21959,0.169915042478761,0.201899050474763,0.0792103948025985,0.548975512243878
21960,0.137931034482759,0.476511744127936,0.0592203898050974,0.326336831584208
21961,0.202898550724638,0.0879560219890055,0.45127436281859,0.257871064467766
21962,0.510994502748625,0.172413793103448,0.0677161419290355,0.248875562218891
21963,0.0599700149925035,0.51624187906047,0.27336331834083,0.150424787606197
21964,0.178910544727636,0.0602198900549725,0.535482258870564,0.225387306346827
21965,0.0557221389305345,0.190404797601199,0.297351324337831,0.456521739130435
21966,0.15192403798101,0.0699650174912544,0.285857071464268,0.492253873063468
21967,0.395552223888056,0.0667166416791604,0.265867066466767,0.271864067966017
21968,0.257871064467766,0.474012993503248,0.05872063968016,0.209395302348826
21969,0.0599700149925035,0.178410794602699,0.19240379810095,0.569215392303848
21970,0.213893053473263,0.241379310344828,0.0634682658670665,0.481259370314843
21971,0.157421289355322,0.213393303348326,0.557971014492754,0.0712143928035981
21972,0.239380309845077,0.200899550224888,0.066966516741629,0.492753623188406
21973,0.4007996001999,0.2023988005997,0.0499750124937531,0.346826586706647
21974,0.437531234382808,0.209395302348826,0.0647176411794105,0.288355822088956
21975,0.069465267366317,0.15792103948026,0.260869565217391,0.511744127936032
21976,0.256871564217891,0.273863068465767,0.40704647676162,0.0622188905547225
21977,0.0557221389305346,0.282358820589705,0.20039980009995,0.46151924037981
21978,0.208395802098951,0.055472263868066,0.201399300349825,0.534732633683158
21979,0.19240379810095,0.225387306346827,0.0559720139930035,0.52623688155922
21980,0.0504747626186905,0.51224387806097,0.12343828085957,0.31384307846077
21981,0.0602198900549725,0.337331334332834,0.191404297851074,0.41104447776112
21982,0.0697151424287855,0.193403298350825,0.2063968015992,0.53048475762119
21983,0.0612193903048476,0.142428785607196,0.243878060969515,0.552473763118441
21984,0.214392803598201,0.0994502748625685,0.200899550224888,0.485257371314343
21985,0.0549725137431285,0.642678660669666,0.117941029485257,0.184407796101949
21986,0.0677161419290355,0.160919540229885,0.61144427786107,0.15992003998001
21987,0.0754622688655671,0.189405297351324,0.1984007996002,0.536731634182909
21988,0.271364317841079,0.195402298850575,0.0792103948025986,0.454022988505747
21989,0.053473263368316,0.271864067966017,0.179910044977511,0.494752623688156
21990,0.053473263368316,0.284857571214393,0.166416791604198,0.495252373813094
21991,0.251374312843578,0.193903048475762,0.0674662668665666,0.487256371814093
21992,0.174912543728136,0.257871064467766,0.072463768115942,0.494752623688156
21993,0.0614692653673165,0.494752623688156,0.124437781109445,0.319340329835082
21994,0.054222888555722,0.440529735132434,0.341329335332334,0.16391804097951
21995,0.0569715142428785,0.190904547726137,0.253873063468266,0.498250874562718
21996,0.284857571214393,0.246376811594203,0.0547226386806595,0.414042978510745
21997,0.280859570214893,0.0582208895552224,0.226886556721639,0.434032983508246
21998,0.227886056971514,0.154922538730635,0.0624687656171915,0.55472263868066
21999,0.052223888055972,0.662918540729635,0.147426286856572,0.137431284357821
22000,0.56271864067966,0.0504747626186905,0.23688155922039,0.149925037481259
22001,0.0727136431784109,0.516991504247875,0.258370814592704,0.15192403798101
22002,0.116441779110445,0.36631684157921,0.052473763118441,0.464767616191904
22003,0.0452273863068466,0.228885557221389,0.541979010494753,0.183908045977011
22004,0.446526736631684,0.259370314842579,0.068215892053973,0.225887056471764
22005,0.267366316841579,0.063718140929535,0.268365817091454,0.400549725137431
22006,0.0589705147426286,0.271364317841079,0.230884557721139,0.438780609695153
22007,0.222388805597201,0.488505747126437,0.072713643178411,0.216391804097951
22008,0.0457271364317841,0.23488255872064,0.465017491254373,0.254372813593203
22009,0.4047976011994,0.077961019490255,0.258370814592704,0.258870564717641
22010,0.146926536731634,0.488755622188906,0.0654672663668165,0.298850574712644
22011,0.050224887556222,0.307346326836582,0.370064967516242,0.272363818090955
22012,0.100199900049975,0.210394802598701,0.210394802598701,0.479010494752624
22013,0.188905547226387,0.086206896551724,0.4960019990005,0.228885557221389
22014,0.0647176411794105,0.142928535732134,0.611944027986007,0.180409795102449
22015,0.0682158920539731,0.174412793603198,0.333333333333333,0.424037981009495
22016,0.0602198900549725,0.313343328335832,0.215392303848076,0.41104447776112
22017,0.0497251374312843,0.581959020489755,0.186906546726637,0.181409295352324
22018,0.245377311344328,0.0954522738630685,0.403298350824588,0.255872063968016
22019,0.261869065467266,0.07696151924038,0.28335832083958,0.377811094452774
22020,0.0807096451774114,0.172913543228386,0.415542228885557,0.330834582708646
22021,0.087206396801599,0.232383808095952,0.241379310344828,0.439030484757621
22022,0.450774612693653,0.0819590204897551,0.16391804097951,0.303348325837081
22023,0.243878060969515,0.0904547726136931,0.379310344827586,0.286356821589205
22024,0.189905047476262,0.068465767116442,0.198900549725137,0.542728635682159
22025,0.324337831084458,0.179910044977511,0.065217391304348,0.430534732633683
22026,0.526486756621689,0.144927536231884,0.06071964017991,0.267866066966517
22027,0.309845077461269,0.171914042978511,0.0677161419290355,0.450524737631185
22028,0.314342828585707,0.16791604197901,0.0689655172413795,0.448775612193903
22029,0.171914042978511,0.186906546726637,0.0752123938030984,0.565967016491754
22030,0.337331334332834,0.053223388305847,0.405047476261869,0.20439780109945
22031,0.168915542228886,0.192903548225887,0.054222888555722,0.583958020989505
22032,0.178410794602699,0.240379810094953,0.0834582708645675,0.49775112443778
22033,0.0627186406796601,0.145927036481759,0.596451774112944,0.194902548725637
22034,0.54247876061969,0.139430284857571,0.0622188905547225,0.255872063968016
22035,0.212393803098451,0.15992003998001,0.069215392303848,0.558470764617691
22036,0.412293853073463,0.208895552223888,0.062968515742129,0.31584207896052
22037,0.1984007996002,0.203398300849575,0.0549725137431285,0.543228385807097
22038,0.162418790604698,0.222388805597201,0.0679660169915041,0.547226386806597
22039,0.375562218890555,0.271364317841079,0.0732133933033486,0.279860069965017
22040,0.226386806596702,0.399550224887556,0.081209395302349,0.292853573213393
22041,0.283858070964518,0.0504747626186905,0.482258870564718,0.183408295852074
22042,0.284357821089455,0.201899050474763,0.41704147926037,0.0967016491754124
22043,0.221389305347326,0.523738130934533,0.058470764617691,0.19640179910045
22044,0.250874562718641,0.089455272363818,0.397301349325337,0.262368815592204
22045,0.061719140429785,0.434032983508246,0.23688155922039,0.267366316841579
22046,0.217891054472764,0.0959520239880059,0.260369815092454,0.425787106446777
22047,0.098950524737631,0.259870064967516,0.244377811094453,0.3968015992004
22048,0.137431284357821,0.624187906046977,0.051974012993503,0.186406796601699
22049,0.157421289355322,0.468015992003998,0.0627186406796601,0.311844077961019
22050,0.199400299850075,0.477511244377811,0.272863568215892,0.050224887556222
22051,0.227886056971514,0.0707146426786605,0.543478260869566,0.15792103948026
22052,0.0799600199900051,0.438780609695152,0.251374312843578,0.229885057471264
22053,0.0527236381809095,0.579960019990005,0.186406796601699,0.180909545227386
22054,0.061969015492254,0.153423288355822,0.633183408295852,0.151424287856072
22055,0.217391304347826,0.315342328835582,0.401799100449776,0.0654672663668165
22056,0.211894052973513,0.187406296851574,0.529735132433784,0.0709645177411295
22057,0.406046976511744,0.0922038980509745,0.20439780109945,0.297351324337831
22058,0.241879060469765,0.504247876061969,0.060969515242379,0.192903548225887
22059,0.328835582208896,0.422288855572214,0.0469765117441279,0.201899050474763
22060,0.240379810094953,0.19640179910045,0.0634682658670664,0.499750124937531
22061,0.0599700149925035,0.168915542228886,0.48175912043978,0.289355322338831
22062,0.044727636181909,0.218890554722639,0.617941029485257,0.118440779610195
22063,0.0399800099950025,0.567216391804098,0.208395802098951,0.184407796101949
22064,0.592203898050975,0.0689655172413795,0.141929035482259,0.196901549225387
22065,0.0644677661169415,0.172413793103448,0.493253373313344,0.269865067466267
22066,0.313343328335832,0.0792103948025985,0.186906546726637,0.420539730134933
22067,0.438530734632684,0.179410294852574,0.053223388305847,0.328835582208896
22068,0.137431284357821,0.672913543228385,0.0377311344327836,0.15192403798101
22069,0.11344327836082,0.390804597701149,0.050974512743628,0.444777611194403
22070,0.252873563218391,0.136931534232884,0.051974012993503,0.558220889555222
22071,0.270864567716142,0.166916541729135,0.0539730134932535,0.50824587706147
22072,0.0352323838080959,0.556971514242878,0.267866066966517,0.139930034982509
22073,0.078710644677661,0.168415792103948,0.249375312343828,0.503498250874563
22074,0.0539730134932535,0.63568215892054,0.129435282358821,0.180909545227386
22075,0.158420789605197,0.229385307346327,0.0739630184907545,0.538230884557722
