"No","Ch1","Ch2","Ch3","Ch4"
21566,0.186402561393561,0.148240822196106,0.125580529695374,0.539776086714959
21567,0.159668930065849,0.23404698271654,0.235018727221471,0.37126535999614
21568,0.126030365370609,0.445491065109321,0.164289312612037,0.264189256908033
21569,0.438411679744368,0.10623175693759,0.144220816058612,0.31113574725943
21570,0.135919940130359,0.207103940369631,0.529772710184597,0.127203409315413
21571,0.126661257850805,0.501731338059529,0.184350256072356,0.18725714801731
21572,0.0898338753326248,0.152303110971426,0.371750815974398,0.386112197721552
21573,0.100678479396049,0.123846144158193,0.204012463406867,0.57146291303889
21574,0.246154043729879,0.31633788666779,0.26805995956573,0.1694481100366
21575,0.157398948611076,0.100317682597846,0.380353338825592,0.361930029965485
21576,0.0923059642377398,0.295684295522979,0.191378184393805,0.420631555845476
21577,0.375349639996564,0.129825562186662,0.377479350566384,0.117345447250389
21578,0.455881020631941,0.143776742653744,0.164812910586757,0.235529326127558
21579,0.178667111451609,0.125641298486264,0.0929214409850657,0.602770149077061
21580,0.183411590209462,0.422998594828714,0.0976481264439423,0.295941688517882
21581,0.345096240997887,0.145210413446123,0.110932436257488,0.398760909298502
21582,0.146055419680536,0.0931248792350161,0.319974974285008,0.44084472679944
21583,0.119270580800543,0.141000938344468,0.149811607910619,0.58991687294437
21584,0.102076526931786,0.149684942649498,0.203749415988373,0.544489114430342
21585,0.287836774624932,0.164207643969491,0.191769831176844,0.356185750228733
21586,0.255600344082322,0.393434340127218,0.155118010356134,0.195847305434326
21587,0.164748610914627,0.508410394718205,0.128134223754458,0.198706770612711
21588,0.184706216350706,0.0679487210538249,0.480337506573724,0.267007556021744
21589,0.178239118699191,0.180120540758806,0.413726564535687,0.227913776006316
21590,0.166927124746437,0.0850707054127115,0.4821428138423,0.265859355998552
21591,0.172373890951387,0.191409772226587,0.289108607479923,0.347107729342103
21592,0.134839154819352,0.238007406550366,0.129218641550045,0.497934797080238
21593,0.47848797110678,0.284962946289717,0.106329518771299,0.130219563832204
21594,0.186983478283885,0.175086987981672,0.151385064209395,0.486544469525048
21595,0.266449742109884,0.147396278491624,0.152349556634978,0.433804422763514
21596,0.15138531845965,0.528816835594844,0.134840094425947,0.184957751519559
21597,0.203668059013286,0.214732260701768,0.289108665575652,0.292491014709293
21598,0.200206716553473,0.293908166847066,0.320819516390796,0.185065600208664
21599,0.276225160819394,0.352642929454553,0.266542478210857,0.104589431515196
21600,0.154452914590997,0.15279108768103,0.131098991589963,0.56165700613801
21601,0.172953214135409,0.170646957855989,0.128483787075829,0.527916040932773
21602,0.157734541318425,0.486010627453133,0.235681240218075,0.120573591010367
21603,0.219232291345312,0.191551266053677,0.176964341068968,0.412252101532042
21604,0.14391501241641,0.238987979927479,0.3565733984353,0.260523609220812
21605,0.344460024123627,0.114795337458184,0.384526899626964,0.156217738791225
21606,0.0897772995596932,0.130825296800728,0.488517447635973,0.290879956003606
21607,0.522942066781783,0.0970278593214488,0.113307569304628,0.26672250459214
21608,0.255712852084138,0.272993677594107,0.145683025250188,0.325610445071567
21609,0.0947191593990293,0.0769352868424807,0.561361651454678,0.266983902303812
21610,0.445127587943426,0.169931893572958,0.114576693554681,0.270363824928935
21611,0.0903749075135591,0.135418680020581,0.449826460054279,0.32437995241158
21612,0.419902947117831,0.137073774990796,0.325333603039674,0.117689674851699
21613,0.135720629915914,0.172098150991361,0.147329705392641,0.544851513700084
21614,0.142809208715643,0.301523703828028,0.358720999339885,0.196946088116444
21615,0.251073210213149,0.283411806899568,0.15375779442491,0.311757188462373
21616,0.295031501697629,0.139980762729754,0.351216560360923,0.213771175211694
21617,0.268152103012329,0.307249699652125,0.173090830962218,0.251507366373328
21618,0.261353831621276,0.124996232776273,0.176284663942537,0.437365271659915
21619,0.322443764499117,0.126162855218108,0.0737300037652077,0.477663376517567
21620,0.093700845897077,0.627975345216504,0.0991777667614433,0.179146042124976
21621,0.157510588834818,0.372166443638689,0.182817045106792,0.287505922419701
21622,0.226306146722205,0.198536307810952,0.142760724682357,0.432396820784486
21623,0.271740368127771,0.301204930921637,0.149985126522309,0.277069574428283
21624,0.569321019333079,0.123041906797012,0.0912618205103656,0.216375253359543
21625,0.109436954819163,0.18085027453493,0.201510543230861,0.508202227415046
21626,0.493943267109226,0.100900632554081,0.142920757056683,0.262235343280011
21627,0.146174071307586,0.302909683562442,0.159496821720191,0.39141942340978
21628,0.164691000116414,0.562713567640758,0.0951075131741306,0.177487919068697
21629,0.43062561064853,0.14435868248312,0.126675292059466,0.298340414808883
21630,0.114745796262936,0.1413762933696,0.148036013064233,0.595841897303231
21631,0.211717624785168,0.124833508213555,0.470852291117454,0.192596575883824
21632,0.129344896568128,0.176922067791021,0.331571876520202,0.362161159120648
21633,0.174785115747407,0.245317330666638,0.103602385173283,0.476295168412673
21634,0.0989262893591994,0.572032126996007,0.129651578395019,0.199390005249775
21635,0.13572326581561,0.623262323325877,0.0927329166423327,0.14828149421618
21636,0.408068118981918,0.155955601782248,0.136622759686307,0.299353519549527
21637,0.598731316938816,0.0595144043827309,0.147103052941268,0.194651225737185
21638,0.120040429488105,0.164583101933941,0.544479992640353,0.170896475937601
21639,0.213433160937433,0.229561673070529,0.276473714098062,0.280531451893976
21640,0.658485437502437,0.125297043266253,0.103930525331457,0.112286993899853
21641,0.0941441803245608,0.512025284938344,0.235376300134748,0.158454234602347
21642,0.370785322984358,0.146057005623316,0.181018250539897,0.302139420852429
21643,0.145491086021618,0.197950465624584,0.376416374865762,0.280142073488035
21644,0.356239372004708,0.13308896319206,0.14223071403777,0.368440950765462
21645,0.151395677122245,0.464344410996471,0.17415813852742,0.210101773353865
21646,0.199783454605183,0.496014044065285,0.193336454907581,0.110866046421951
21647,0.164544232620187,0.182162643434533,0.48856296433029,0.164730159614991
21648,0.247939056753852,0.144326593355869,0.302058903109164,0.305675446781116
21649,0.443326446138186,0.168215007284696,0.26029818551776,0.128160361059358
21650,0.150676495926948,0.178274933368498,0.517037130821501,0.154011439883053
21651,0.439867129655305,0.116703910913344,0.0973439711844743,0.346084988246877
21652,0.177926614482036,0.0728420153560089,0.181562463833627,0.567668906328329
21653,0.439625001660465,0.253168540098973,0.125366480621269,0.181839977619292
21654,0.583350623060628,0.0794660406886921,0.138246544811404,0.198936791439276
21655,0.245010733069336,0.159064329109161,0.446473151507536,0.149451786313967
21656,0.339443699801654,0.124443988032782,0.190766397119308,0.345345915046257
21657,0.503736126736706,0.17257344329107,0.0913644116027671,0.232326018369457
21658,0.410419127931048,0.166953406821062,0.168395729337512,0.254231735910377
21659,0.536072486419818,0.121890340491822,0.131797065753762,0.210240107334599
21660,0.0953138542091264,0.119932312663437,0.246257752911091,0.538496080216345
21661,0.234247494587046,0.062345513501266,0.304555272241485,0.398851719670203
21662,0.123313068571805,0.404407712078928,0.166498730711903,0.305780488637363
21663,0.140189825500695,0.121930962895644,0.62732628729849,0.11055292430517
21664,0.177970958896752,0.156885977071552,0.166974919383161,0.498168144648534
21665,0.402992809962917,0.0920393690923495,0.162506676965706,0.342461143979028
21666,0.160357688017394,0.23579253621058,0.205909577841121,0.397940197930905
21667,0.177217012770564,0.277195294215312,0.135211370269569,0.410376322744555
21668,0.378108137513176,0.167104815157875,0.154350433689412,0.300436613639537
21669,0.161682088656758,0.228459979840456,0.129145376235154,0.480712555267633
21670,0.184600556686251,0.372293275414699,0.138513706837619,0.304592461061431
21671,0.148961333140474,0.422862743260887,0.315312881426414,0.112863042172225
21672,0.189507244498141,0.199991221210238,0.261288650315185,0.349212883976437
21673,0.403748332024697,0.13316853994672,0.155474791929521,0.307608336099061
21674,0.268938085521096,0.168910815765881,0.259163777815555,0.302987320897469
21675,0.20305999583283,0.144106812265465,0.121593103210756,0.53124008869095
21676,0.127167325336854,0.612705533520222,0.13051678951278,0.129610351630144
21677,0.413501498863229,0.182990951942444,0.203118111368078,0.200389437826248
21678,0.174065082110119,0.498582092501432,0.201293308592203,0.126059516796246
21679,0.194532827176258,0.361942837479575,0.134387876277532,0.309136459066635
21680,0.243462145672927,0.161247782516953,0.458549666466932,0.136740405343188
21681,0.134229118255425,0.210602346521887,0.190762090406753,0.464406444815935
21682,0.26037855696186,0.316864692864429,0.182026502997099,0.240730247176612
21683,0.160796959693953,0.199370345862417,0.307382704459618,0.332449989984012
21684,0.364384948937228,0.184093894954111,0.125271941055351,0.32624921505331
21685,0.0983549052998352,0.232118829689497,0.176555724668739,0.492970540341929
21686,0.188762605968363,0.392158880245069,0.174229727524132,0.244848786262436
21687,0.159219637398566,0.147899997667793,0.414612534724012,0.278267830209629
21688,0.165461013721492,0.206885373376959,0.152650729957318,0.475002882944231
21689,0.0916475085117704,0.660413404387722,0.143685369302447,0.10425371779806
21690,0.486494023333956,0.141306946163538,0.218242036933878,0.153956993568628
21691,0.104640215706684,0.53376073245944,0.180690841491831,0.180908210342044
21692,0.182208830222084,0.171583155353798,0.499461580056304,0.146746434367814
21693,0.153147736309809,0.455744085318675,0.145831522234142,0.245276656137374
21694,0.208863573479125,0.251375161688537,0.149642611305295,0.390118653527044
21695,0.536870708437574,0.186050146210761,0.184339537872355,0.0927396074793102
21696,0.428280460327783,0.0999733483932314,0.207411340804011,0.264334850474974
21697,0.353825210326839,0.242240511929042,0.193788732665435,0.210145545078684
21698,0.315766687092801,0.174496031411403,0.430543028115479,0.0791942533803162
21699,0.122722635285412,0.578370833221584,0.206993840374274,0.0919126911187308
21700,0.475330223700705,0.229353850022727,0.167987545551379,0.127328380725189
21701,0.400047970599392,0.142342720236511,0.201634109634651,0.255975199529446
21702,0.222247547534755,0.509543731194123,0.116498697923744,0.151710023347379
21703,0.159671995841304,0.168560965665539,0.268459805211995,0.403307233281162
21704,0.266336247593036,0.20621799200261,0.344622437938145,0.182823322466208
21705,0.199151374265893,0.199925748599197,0.329151140203787,0.271771736931122
21706,0.148277204281184,0.269518044513772,0.267023517782753,0.315181233422291
21707,0.150826787444363,0.354759669204788,0.301504815055921,0.192908728294928
21708,0.162915527104887,0.47245662043896,0.166356898306914,0.198270954149239
21709,0.172265164925425,0.159721778148295,0.217965897570642,0.450047159355638
21710,0.42021247133379,0.165613456005921,0.182365258160026,0.231808814500262
21711,0.18633492593834,0.287679406120242,0.302836784464192,0.223148883477226
21712,0.186415823238213,0.228300506569798,0.16563628481546,0.419647385376528
21713,0.459162312371397,0.273967532287859,0.120428661166674,0.14644149417407
21714,0.153049022070959,0.545078796147626,0.1590990905861,0.142773091195315
21715,0.559866910253499,0.180948477377484,0.121422546052448,0.13776206631657
21716,0.167775243653517,0.195148137387282,0.196776231542785,0.440300387416416
21717,0.292725900226464,0.20320140702955,0.245037565573715,0.259035127170271
21718,0.282531282686661,0.236381486804227,0.132280733257853,0.348806497251259
21719,0.140914986022569,0.164198983037941,0.146961820412556,0.547924210526935
21720,0.391067001797197,0.106058374318397,0.112223191622108,0.390651432262298
21721,0.159806603831183,0.191730341070783,0.412142679866647,0.236320375231387
21722,0.599165839378388,0.156230720686703,0.113856303283766,0.130747136651143
21723,0.130115998557443,0.217048362223697,0.101497534854656,0.551338104364204
21724,0.521957041106425,0.131893330558367,0.139278226797081,0.206871401538127
21725,0.194730877654458,0.211904226965174,0.0645234916637633,0.528841403716605
21726,0.158975272906302,0.170060062984212,0.235722652593416,0.43524201151607
21727,0.292710893148558,0.13125159927653,0.413729607975951,0.162307899598961
21728,0.117338509155723,0.114727114821494,0.332969826270646,0.434964549752137
21729,0.126697244935858,0.21752993496667,0.184006959783487,0.471765860313985
21730,0.221544670974304,0.184597228917424,0.111352160678116,0.482505939430156
21731,0.412274582302569,0.133080429870927,0.243471563267525,0.21117342455898
21732,0.159957570232588,0.229971843785573,0.156543518652922,0.453527067328918
21733,0.509977034111287,0.207709094533478,0.148473670608647,0.133840200746588
21734,0.0984331650099354,0.539152308327229,0.165719722851971,0.196694803810865
21735,0.346861323363873,0.134563355669389,0.0886149168580611,0.429960404108677
21736,0.363659939695323,0.318203135591936,0.117023595108234,0.201113329604508
21737,0.0539736688723902,0.0789476858638027,0.709252039029751,0.157826606234056
21738,0.267151156499623,0.125590878073732,0.251974320942943,0.355283644483703
21739,0.0886540784823788,0.194633780552989,0.517772090885136,0.198940050079496
21740,0.102770195402145,0.465782631611447,0.164005755735525,0.267441417250883
21741,0.0961210468030418,0.124920896024059,0.124129793689064,0.654828263483835
21742,0.146784878512197,0.101329948638353,0.475758628641437,0.276126544208013
21743,0.207203377401258,0.132679228341547,0.157024058410046,0.503093335847149
21744,0.640782657154346,0.0907329275570691,0.149736242172394,0.11874817311619
21745,0.16984179939365,0.16325575344845,0.0892331710838567,0.577669276074043
21746,0.0788634412808659,0.545508369202567,0.0832349272833037,0.292393262233264
21747,0.521649369078825,0.181421331380941,0.103384356685193,0.193544942855041
21748,0.379908843466776,0.154082470779405,0.148592045940886,0.317416639812933
21749,0.0884529631747826,0.3599852281459,0.217824937473876,0.333736871205442
21750,0.0769469531483945,0.0626456004831758,0.530788066894104,0.329619379474326
21751,0.521005068412218,0.105660343549398,0.2142767547018,0.159057833336583
21752,0.411309295599506,0.0865654131215073,0.053412752047289,0.448712539231698
21753,0.141124794032516,0.137813507857768,0.111747267858535,0.609314430251181
21754,0.0838163313798939,0.273799626456443,0.098478985746553,0.54390505641711
21755,0.066736052942731,0.102433012293276,0.385442703691428,0.445388231072564
21756,0.138607116212569,0.396039014543817,0.0998566243398444,0.36549724490377
21757,0.26623880448643,0.266192997110082,0.126987507194161,0.340580691209326
21758,0.351991828127386,0.232743577803783,0.160207044246515,0.255057549822316
21759,0.435890190029367,0.2991292157263,0.179977263201235,0.085003331043097
21760,0.152978546805034,0.0915214152416868,0.291633156950739,0.46386688100254
21761,0.118840361750299,0.403272852973553,0.297126391845466,0.180760393430683
21762,0.103055232091345,0.590313469951931,0.110052591517322,0.196578706439403
21763,0.368853908185161,0.136851159219318,0.11938377320657,0.374911159388951
21764,0.149116552850931,0.103940546716473,0.568510456698564,0.178432443734032
21765,0.367346583015092,0.230650109244209,0.112269357339355,0.289733950401344
21766,0.0854258377378814,0.393151699827436,0.115101871549566,0.406320590885117
21767,0.12656815800367,0.195589629893268,0.408904787704268,0.268937424398794
21768,0.182465917459464,0.105493482264954,0.581030352055397,0.131010248220185
21769,0.147074137471316,0.157480310417667,0.169677104729552,0.525768447381465
21770,0.171123193080363,0.463168041748895,0.137259448237025,0.228449316933717
21771,0.137376367141784,0.121831645190599,0.294674123593974,0.446117864073642
21772,0.108912390214893,0.141578650194116,0.567397294803722,0.182111664787268
21773,0.0501247652991249,0.753523873375477,0.0857261760230112,0.110625185302387
21774,0.12082511023094,0.127890958237723,0.457199824057597,0.29408410747374
21775,0.13216188371126,0.184885728236621,0.311787277197517,0.371165110854602
21776,0.520503919912626,0.175010921930663,0.13654056477133,0.167944593385381
21777,0.112809335868568,0.146831481935066,0.258416507900952,0.481942674295413
21778,0.151616073484095,0.105775245825012,0.217261643626745,0.525347037064148
21779,0.486761543213059,0.0892312585098796,0.11268345144808,0.311323746828981
21780,0.271339454359666,0.142725856852957,0.20900233227515,0.376932356512228
21781,0.142692854273734,0.137871526375264,0.496438758853592,0.22299686049741
21782,0.227573207922583,0.150696925717101,0.496176527562078,0.125553338798239
21783,0.192796745233842,0.121491134841904,0.159537605920922,0.526174514003333
21784,0.415719011304097,0.296405606855195,0.155863790307067,0.132011591533641
21785,0.194297868591751,0.251152863481158,0.423048809370368,0.131500458556723
21786,0.140378138219053,0.156606302253524,0.144357702254818,0.558657857272605
21787,0.101372061576088,0.639420600188836,0.101089952019527,0.158117386215548
21788,0.313754679671913,0.273247202493284,0.129655039901848,0.283343077932955
21789,0.157734555417978,0.288713040644554,0.16178092905577,0.391771474881698
21790,0.37107134868003,0.156535289313846,0.148856557266957,0.323536804739167
21791,0.186041358364359,0.200444135314032,0.147752859333778,0.46576164698783
21792,0.139485073391083,0.227956985296354,0.354707746255,0.277850195057563
21793,0.123093714220171,0.183484753445225,0.589248651367656,0.104172880966948
21794,0.244448509660173,0.35013016915839,0.311309301660973,0.0941120195204644
21795,0.111073669452101,0.260538804577441,0.482826564587713,0.145560961382745
21796,0.132258748929082,0.266880808700077,0.219655830646226,0.381204611724615
21797,0.181405802677498,0.39599316181684,0.191554820839743,0.231046214665919
21798,0.351823050896513,0.211349982441789,0.205703625452191,0.231123341209506
21799,0.171341619546607,0.163124909287036,0.160494460436983,0.505039010729374
21800,0.187895929357466,0.147017610144767,0.289392259725625,0.375694200772142
21801,0.122107409516424,0.14670333829929,0.374083084486801,0.357106167697485
21802,0.223789458816272,0.115893546566003,0.291157659458125,0.369159335159599
21803,0.154110568444293,0.179642709411468,0.408479026381527,0.257767695762712
21804,0.268334038471631,0.263861264413159,0.234324343784777,0.233480353330434
21805,0.399943002408892,0.184300935257941,0.170012484992796,0.245743577340371
21806,0.221303215074251,0.258484297178088,0.184352324450563,0.335860163297099
21807,0.295169934795362,0.265907147412425,0.161244061598462,0.277678856193751
21808,0.311783168467055,0.19025405169038,0.144491840194882,0.353470939647682
21809,0.300384394917519,0.169294719985837,0.171688613970963,0.358632271125681
21810,0.499976331789734,0.201605939312491,0.196902461748198,0.101515267149577
21811,0.272821844818722,0.32071999249728,0.258544176758674,0.147913985925324
21812,0.127848510621771,0.264827254922415,0.368733573140326,0.238590661315488
21813,0.139345278797432,0.41321120818882,0.178536848079617,0.268906664934131
21814,0.145615107966932,0.164512692395895,0.568039538115654,0.121832661521519
21815,0.193031037317537,0.205571507247519,0.243537149071104,0.35786030636384
21816,0.122804388403714,0.440689695128936,0.213292920732618,0.223212995734733
21817,0.175682812876678,0.177867442179134,0.456437996961019,0.19001174798317
21818,0.157964697092258,0.179568394010489,0.106439229551111,0.556027679346142
21819,0.106602908979543,0.177932767447423,0.146615024090308,0.568849299482725
21820,0.556723936318082,0.158986762781629,0.129456673290977,0.154832627609312
21821,0.152236314444904,0.186159765868776,0.530177467601734,0.131426452084586
21822,0.437952623397787,0.17531843010833,0.240783285420798,0.145945661073085
21823,0.335514316699773,0.208580329133051,0.160431542101153,0.295473812066024
21824,0.164913578465212,0.186195101907933,0.454811216922271,0.194080102704584
21825,0.188989544687986,0.133503304550261,0.168331329411272,0.50917582135048
21826,0.452705240610568,0.211181288716725,0.233934861984137,0.10217860868857
21827,0.147069701222048,0.174183863186159,0.470269281463452,0.208477154128341
21828,0.146906065919267,0.403927411990365,0.113689669256041,0.335476852834328
21829,0.0960056635342017,0.170138461686976,0.591532105161871,0.142323769616952
21830,0.187938350298989,0.155102913035728,0.278728272230494,0.378230464434789
21831,0.173632301853582,0.24241190561987,0.151703484393862,0.432252308132687
21832,0.287744923788029,0.247930304030242,0.164376115851723,0.299948656330006
21833,0.524609525990002,0.125576734040807,0.210682911809381,0.13913082815981
21834,0.547168072762367,0.165264998494699,0.147762875856652,0.139804052886281
21835,0.118329781966601,0.296185323848243,0.168890672626753,0.416594221558403
21836,0.136482606240172,0.193172195512429,0.404355750817588,0.265989447429812
21837,0.184499531156998,0.15987499627902,0.268279977046368,0.387345495517614
21838,0.113637610419506,0.153336861679938,0.539619444973168,0.193406082927387
21839,0.147297761762992,0.333076858464765,0.263113611840936,0.256511767931307
21840,0.526501094959306,0.175272218839844,0.180088165455171,0.118138520745679
21841,0.314980901867873,0.313030585811446,0.168544595503236,0.203443916817445
21842,0.1480441066181,0.120090765425168,0.590885623090685,0.140979504866047
21843,0.3754237597352,0.133061342411087,0.188161036877949,0.303353860975764
21844,0.128832870671456,0.433058618418801,0.225718096897811,0.212390414011932
21845,0.234946302513722,0.136944785093955,0.31137234994434,0.316736562447983
21846,0.244737461122645,0.301775429509322,0.17852883047517,0.274958278892863
21847,0.402099135545782,0.131446955907964,0.28021848172602,0.186235426820235
21848,0.124286783895423,0.169611439753717,0.180804310375982,0.525297465974877
21849,0.294221120351986,0.398782110699915,0.144371951096613,0.162624817851486
21850,0.495030871769602,0.124347792594645,0.135046540601691,0.245574795034061
21851,0.111369247767274,0.471912513101813,0.135576267014268,0.281141972116645
21852,0.343713170813796,0.191462663337077,0.136687859397467,0.328136306451661
21853,0.0914596520446951,0.119671817277668,0.636757695780043,0.152110834897594
21854,0.260633595525741,0.133948347759443,0.125783556650741,0.479634500064076
21855,0.191578014424934,0.192185477062651,0.134798026590096,0.481438481922319
21856,0.326611903919437,0.216178898621614,0.316976321847534,0.140232875611414
21857,0.136651522211148,0.431618061899594,0.111797797467434,0.319932618421823
21858,0.403196123088861,0.061208692654673,0.156016392568791,0.379578791687674
21859,0.270357923820553,0.0965088181110736,0.111488561238845,0.521644696829528
21860,0.461116746956745,0.258488302297252,0.12183836349427,0.158556587251733
21861,0.114376610146379,0.130922630401495,0.557382942999465,0.197317816452661
21862,0.139363813164282,0.533554513353018,0.16681697150974,0.16026470197296
21863,0.136699494146603,0.157723068449391,0.245356890326101,0.460220547077905
21864,0.509681268433171,0.148950023145266,0.141933417708787,0.199435290712775
21865,0.153603304663137,0.259496376868972,0.377989066718244,0.208911251749647
21866,0.0873800746994498,0.20027833262348,0.568717135824186,0.143624456852884
21867,0.0872268025440671,0.101669356923747,0.221872653577464,0.589231186954723
21868,0.151752927598457,0.102106164086608,0.470815060659307,0.275325847655628
21869,0.271090676277441,0.127130173505528,0.108096196135108,0.493682954081922
21870,0.218386506753211,0.126897598542574,0.351395046354515,0.3033208483497
21871,0.336066896529849,0.0689511684487662,0.143367668960272,0.451614266061113
21872,0.110367026045759,0.469820280700204,0.227140573852537,0.192672119401501
21873,0.2456870941076,0.311346685719494,0.34298996485344,0.0999762553194653
21874,0.120614335353407,0.392623936540986,0.19820304617783,0.288558681927777
21875,0.384639684273695,0.208729839140753,0.0967765141848166,0.309853962400735
21876,0.646671538832247,0.0997911343556321,0.0964646099096409,0.157072716902479
21877,0.088074339365156,0.341545157683146,0.07875001369975,0.491630489251948
21878,0.352784487307578,0.424508360548045,0.10881679290697,0.113890359237407
21879,0.152667995477597,0.248394841143683,0.1227593817851,0.47617778159362
21880,0.592780184504975,0.109919871764504,0.163889469283559,0.133410474446962
21881,0.119342257074812,0.194829816487597,0.147719783780569,0.538108142657022
21882,0.170818490093984,0.136617834928834,0.190198020902039,0.502365654075143
21883,0.145497723637451,0.212413286491672,0.150779461339551,0.491309528531326
21884,0.159878482354898,0.416589174248731,0.112945403555498,0.310586939840872
21885,0.0925087898655874,0.615363056004966,0.0751366002531458,0.216991553876301
21886,0.18200442138894,0.148418091383135,0.0985884091715919,0.570989078056333
21887,0.0943120693285903,0.118765182230385,0.548310869995886,0.238611878445138
21888,0.140058110119837,0.0798805408377611,0.665396981043171,0.114664367999231
21889,0.18657620058278,0.15076914859393,0.238780976179819,0.42387367464347
21890,0.166071899751986,0.163880450919266,0.210350815058421,0.459696834270328
21891,0.399531381509269,0.197864932475653,0.179172917655994,0.223430768359084
21892,0.106309226169372,0.182131334293778,0.171485836480195,0.540073603056655
21893,0.189934262992784,0.269867138373703,0.0937579759171594,0.446440622716354
21894,0.104305907276532,0.155646961461124,0.271449431220547,0.468597700041798
21895,0.136318277770298,0.131159391193354,0.466738043398637,0.265784287637712
21896,0.257803922715441,0.244456286172379,0.312932626839682,0.184807164272498
21897,0.171247395973615,0.423957828647123,0.250226833752251,0.154567941627011
21898,0.141361388542947,0.231432577863391,0.421076769262298,0.206129264331364
21899,0.243812132600418,0.265144909575869,0.355303032267443,0.13573992555627
21900,0.174267115301677,0.139555178836598,0.0898069927196092,0.596370713142116
21901,0.0768047409137555,0.51555092168479,0.203077087241739,0.204567250159715
21902,0.161738590331421,0.151176570835349,0.410854749859311,0.27623008897392
21903,0.152564559330269,0.152633048775406,0.437037472275248,0.257764919619077
21904,0.176722410236037,0.179962915895693,0.255934850371318,0.387379823496952
21905,0.196414328846299,0.496393224087195,0.0848983121516191,0.222294134914886
21906,0.123189246137394,0.255032814747527,0.104907508338768,0.516870430776311
21907,0.147299285500613,0.201516840987372,0.239837029491446,0.411346844020569
21908,0.30057789684008,0.0856821933425705,0.214940936758369,0.39879897305898
21909,0.195616983858511,0.0950642225340571,0.286924942223375,0.422393851384057
21910,0.289561289350372,0.28764715980756,0.0799869865966563,0.342804564245412
21911,0.220284595599991,0.531653650261151,0.110990063731359,0.1370716904075
21912,0.357987981139712,0.305470075031378,0.0774905625627038,0.259051381266206
21913,0.203198441861799,0.354277605100095,0.0705233258672784,0.372000627170828
21914,0.103051863008066,0.117067502637911,0.182325205058913,0.59755542929511
21915,0.15149602278108,0.102955781077332,0.43051270177112,0.315035494370469
21916,0.128539649450115,0.114267441330055,0.111429533396887,0.645763375822942
21917,0.149605267259288,0.109140089743466,0.162134209436276,0.57912043356097
21918,0.08758235703345,0.0969994023696315,0.638387433511625,0.177030807085293
21919,0.307081044507368,0.109649048638896,0.454855074702967,0.128414832150769
21920,0.0816441538829264,0.413269290888154,0.101553127160797,0.403533428068123
21921,0.10672159273859,0.456892945124098,0.140290714045751,0.296094748091561
21922,0.479405691172244,0.134634714197239,0.132845764966548,0.253113829663968
21923,0.110907192713861,0.146388542571352,0.148354540804515,0.594349723910272
21924,0.0952873496824342,0.117384309643158,0.267074511973616,0.520253828700791
21925,0.194000461681677,0.26087817859463,0.296562569429627,0.248558790294066
21926,0.244629272457472,0.0759611064784247,0.201066328323096,0.478343292741007
21927,0.167836752867981,0.120251401144813,0.534931552585927,0.176980293401279
21928,0.132393621385003,0.541626106865201,0.135055867767406,0.19092440398239
21929,0.107535288186965,0.108487361264161,0.139713212920231,0.644264137628642
21930,0.120090612177896,0.249701188532419,0.168221225113027,0.461986974176658
21931,0.0812331295473766,0.185023223751794,0.139872287873798,0.593871358827031
21932,0.0900871075739095,0.106403395871119,0.608236953422728,0.195272543132243
21933,0.0919246300574225,0.52565391109396,0.109721461641097,0.27269999720752
21934,0.108634576832519,0.526278242025477,0.120571091086569,0.244516090055435
21935,0.214495137010669,0.115863815335942,0.150623913674623,0.519017133978766
21936,0.324233736129621,0.250758376510812,0.115600589103157,0.30940729825641
21937,0.116375302358334,0.0703536823332064,0.696558714791526,0.116712300516933
21938,0.135128429850616,0.457929220030191,0.105439739184943,0.30150261093425
21939,0.100175337981034,0.411865049989495,0.0912081584375113,0.39675145359196
21940,0.321224168661098,0.227469397604082,0.153034370296075,0.298272063438744
21941,0.107007022746135,0.0977679403303494,0.324256337148799,0.470968699774716
21942,0.196536297578144,0.552872048789138,0.129318542477799,0.12127311115492
21943,0.146987446681014,0.263651961929309,0.0973112931228683,0.492049298266808
21944,0.104511928864289,0.554271949297085,0.2013530440367,0.139863077801926
21945,0.0960407958014653,0.358385505310636,0.0926110267934153,0.452962672094483
21946,0.508233591425414,0.0809229384573713,0.124076165531535,0.28676730458568
21947,0.389858927509791,0.114205774064176,0.148108355012541,0.347826943413493
21948,0.267004157889314,0.27211405243122,0.249584927796799,0.211296861882667
21949,0.138429520791216,0.190124686149918,0.101559681113812,0.569886111945055
21950,0.118909287261993,0.369574581119642,0.128571163197491,0.382944968420874
21951,0.115614437259805,0.113178003051547,0.34698689443661,0.424220665252038
21952,0.269934202763415,0.128329755065183,0.0890371809200583,0.512698861251343
21953,0.20611756721651,0.176740733064591,0.164128938440035,0.453012761278864
21954,0.125128478426398,0.0963131096039318,0.1335315912663,0.64502682070337
21955,0.348698762458556,0.149599574474218,0.107495237778578,0.394206425288647
21956,0.125362303077764,0.111365031169463,0.073670491077625,0.689602174675148
21957,0.465054513352632,0.140070948486152,0.174785943347954,0.220088594813262
21958,0.151164293718023,0.504534918040237,0.088843802331628,0.255456985910112
21959,0.117078188404142,0.0970866717021604,0.0807001792947986,0.705134960598899
21960,0.175361224196386,0.291345983381235,0.136318191094888,0.396974601327492
21961,0.195413581580587,0.139046914456803,0.409157974272177,0.256381529690432
21962,0.431622705624942,0.132832766441356,0.161463205547354,0.274081322386348
21963,0.159362748570036,0.49372595029729,0.176190133555141,0.170721167577533
21964,0.143103251371895,0.137333020355139,0.520871608180708,0.198692120092258
21965,0.0805695745479574,0.176591997080076,0.314214336741873,0.428624091630093
21966,0.12306956142428,0.108566741120873,0.341688084596408,0.426675612858439
21967,0.377866967409069,0.162823567522324,0.19660537692867,0.262704088139937
21968,0.448754353303833,0.218795306299235,0.158859368150545,0.173590972246386
21969,0.152273156068618,0.111873138909564,0.107216647540571,0.628637057481247
21970,0.334966753124928,0.15477673917593,0.0866145048789609,0.423642002820181
21971,0.227412805454314,0.34528615153182,0.307372898407706,0.119928144606159
21972,0.36346416936014,0.207268800784406,0.131570345445478,0.297696684409976
21973,0.551913380250284,0.137995512344401,0.110539491198475,0.19955161620684
21974,0.458502715925532,0.102623160595939,0.143740393809366,0.295133729669163
21975,0.110044522647967,0.13195275313069,0.241883102441258,0.516119621780085
21976,0.334805546227421,0.186123909243294,0.410810702176856,0.0682598423524292
21977,0.165583945914775,0.186811483414568,0.390358489620145,0.257246081050512
21978,0.210644023010149,0.122783923335644,0.157554473322465,0.509017580331742
21979,0.27346005660654,0.12744567426412,0.146158034987193,0.452936234142147
21980,0.0818005398235237,0.536007340378147,0.216417205151454,0.165774914646875
21981,0.167188169936555,0.50567565039015,0.166109212913073,0.161026966760221
21982,0.194882829652643,0.195930495340552,0.20904710776464,0.400139567242165
21983,0.110808996210737,0.119505078951405,0.207675556698414,0.562010368139444
21984,0.25714635260922,0.0636323030249592,0.291338005789636,0.387883338576185
21985,0.136965335057324,0.433922277045538,0.149667363291972,0.279445024605166
21986,0.168468252122271,0.0901039969145572,0.660897379808466,0.0805303711547066
21987,0.169823850627451,0.190754040724542,0.161514860844994,0.477907247803014
21988,0.461900139654737,0.0844323567150058,0.174445424949488,0.279222078680769
21989,0.149494978006894,0.248727611809016,0.203686059660708,0.398091350523381
21990,0.161163166852768,0.299980801503361,0.154738013073329,0.384118018570542
21991,0.387815926552806,0.191315869304156,0.149204796920825,0.271663407222214
21992,0.208249333502139,0.246544315503531,0.107919787383467,0.437286563610863
21993,0.197386997770858,0.383947643485966,0.148983898101689,0.269681460641486
21994,0.149486789639449,0.422371772781003,0.322173553772365,0.105967883807183
21995,0.174311683301586,0.239246922495397,0.282609652193333,0.303831742009684
21996,0.377417944215448,0.152956975158224,0.12796922909547,0.341655851530857
21997,0.320503158647067,0.160206815024936,0.254477611041023,0.264812415286974
21998,0.235168935269018,0.150066277722464,0.130925202324631,0.483839584683887
21999,0.114506320012609,0.631854037052969,0.131762111017178,0.121877531917244
22000,0.470523453241992,0.150417498532407,0.209829287454139,0.169229760771462
22001,0.166435213336403,0.522986689601374,0.190970832473091,0.119607264589132
22002,0.245977600488832,0.348093380316563,0.118772782064401,0.287156237130204
22003,0.109672517932135,0.12119500361911,0.571190188663524,0.197942289785232
22004,0.612581863512863,0.07786745774801,0.110573657452866,0.198977021286261
22005,0.0943426033262184,0.0823971443749875,0.349527283672181,0.473732968626613
22006,0.140965764895518,0.0921086165043457,0.126906357962602,0.640019260637534
22007,0.113946975506262,0.570867198388331,0.163726452789903,0.151459373315504
22008,0.0817492275281884,0.0931177211021928,0.462531171917351,0.362601879452268
22009,0.535367835047486,0.151894890314624,0.0793447292680067,0.233392545369884
22010,0.168582916882505,0.188201203408167,0.103654205194357,0.539561674514971
22011,0.0959237281756762,0.151532197260733,0.336313602873936,0.416230471689655
22012,0.141028810611073,0.208611196602077,0.15488476150014,0.49547523128671
22013,0.0995899677510837,0.0721910691291297,0.661288780648068,0.166930182471719
22014,0.19997055391417,0.0823897815305943,0.573439358112941,0.144200306442295
22015,0.125522735764631,0.0727607633814866,0.203956023159718,0.597760477694164
22016,0.0595166207013491,0.334814752814878,0.0896471235682125,0.51602150291556
22017,0.0498292767295258,0.710852667265338,0.0724274404378146,0.166890615567322
22018,0.15168984846381,0.209442142989037,0.498067017226729,0.140800991320424
22019,0.168342794082241,0.112030609731472,0.228254595107046,0.491372001079241
22020,0.152651410964087,0.182570517667632,0.2500828966782,0.41469517469008
22021,0.0855101921605872,0.225534717516296,0.212960343973229,0.475994746349888
22022,0.603805930167115,0.17494210319598,0.107634652677713,0.113617313959193
22023,0.363779715397476,0.190058031169274,0.240215961636763,0.205946291796487
22024,0.111490429954888,0.187078342416897,0.165593242822423,0.535837984805792
22025,0.29957742141557,0.162950712208035,0.22048694773959,0.316984918636805
22026,0.393197725431565,0.164196951847892,0.172560893400529,0.270044429320014
22027,0.322558805703977,0.244643609296759,0.14049631484298,0.292301270156283
22028,0.278316297770445,0.193413549645919,0.14725516272492,0.381014989858717
22029,0.192365519569509,0.0946503650228711,0.158617922237483,0.554366193170137
22030,0.352358478197822,0.179415438742565,0.340915801320246,0.127310281739367
22031,0.178718572718661,0.158126252143107,0.221435691128735,0.441719484009497
22032,0.149590296231476,0.275993042274238,0.140665758813222,0.433750902681064
22033,0.172834108945474,0.119721682175078,0.568752698090665,0.138691510788784
22034,0.465699978416836,0.158501782964878,0.193185576145427,0.182612662472858
22035,0.125366188619127,0.246825660211219,0.140898893562227,0.486909257607427
22036,0.217127944217975,0.197738890607196,0.27504510304731,0.310088062127519
22037,0.173468497124692,0.111632369487289,0.207881068474471,0.507018064913548
22038,0.275960548003943,0.181585010572413,0.14984818404634,0.392606257377304
22039,0.313633137459728,0.300652420941118,0.205096672563202,0.180617769035952
22040,0.343026372503144,0.266453440366018,0.193636027558999,0.196884159571838
22041,0.157902827468315,0.0969782956051423,0.319147411643129,0.425971465283413
22042,0.219395408837371,0.100075302561802,0.221770840046869,0.458758448553958
22043,0.10130466263059,0.444181066304298,0.116098411189952,0.33841585987516
22044,0.0940934652878501,0.0972767954890801,0.0894403715729202,0.71918936765015
22045,0.0891363889852987,0.243069099488128,0.11971437756505,0.548080133961523
22046,0.0937343278892524,0.170624078952923,0.143928184676717,0.591713408481107
22047,0.167875403560662,0.14990869647224,0.109473913343443,0.572741986623655
22048,0.101801740346555,0.524344197427463,0.133649462219998,0.240204600005984
22049,0.0954925553370253,0.475732988876144,0.118084492028816,0.310689963758015
22050,0.380651080494798,0.254771877978875,0.247871219791543,0.116705821734783
22051,0.100423227080986,0.062044050771314,0.497284966462898,0.340247755684802
22052,0.121546793486792,0.231637617144813,0.267131928923108,0.379683660445286
22053,0.123050264457527,0.57527855212334,0.119078578850453,0.18259260456868
22054,0.0968509945840203,0.0961543476017622,0.576600162505867,0.23039449530835
22055,0.321402855041491,0.135531846829763,0.375461592807784,0.167603705320962
22056,0.112385860316421,0.107210136646619,0.611894543616003,0.168509459420957
22057,0.354523433272609,0.0700469688956727,0.122546477435231,0.452883120396487
22058,0.463289712506189,0.29080788387955,0.118405900279059,0.127496503335202
22059,0.210069675305346,0.427611444924044,0.0885543846391679,0.273764495131442
22060,0.124053993980344,0.137948712444999,0.20866627926244,0.529331014312217
22061,0.163872721848171,0.11757347642266,0.324280457210602,0.394273344518567
22062,0.162208922378267,0.271611245020594,0.418439248731902,0.147740583869237
22063,0.149777364083382,0.402938216848771,0.24134854875703,0.205935870310818
22064,0.422030504349851,0.158792076723122,0.128572963529654,0.290604455397373
22065,0.158117722701716,0.150730401395323,0.454338679058149,0.236813196844813
22066,0.191197858123544,0.140950384580092,0.371296403132694,0.29655535416367
22067,0.286067251771771,0.275442000564553,0.116040954812235,0.322449792851442
22068,0.246730246633109,0.454457076856417,0.130539830262579,0.168272846247895
22069,0.114534778427753,0.365532588854933,0.11818933511565,0.401743297601664
22070,0.216548670516655,0.144277105635083,0.171788450641696,0.467385773206566
22071,0.377027974452681,0.0851403868670033,0.227855312569717,0.309976326110599
22072,0.144617491600988,0.227395268308093,0.519037022553819,0.108950217537101
22073,0.083359226411201,0.232829781787014,0.199280137133924,0.484530854667862
22074,0.107393243112688,0.657448782204585,0.091576171822599,0.143581802860128
22075,0.176705160207708,0.252810477033322,0.115095240799448,0.455389121959522
22076,0.57053224618456,0.121263565985706,0.114682696250161,0.193521491579573
22077,0.144344264123906,0.161557610791115,0.141859505158777,0.552238619926202
22078,0.224796252624383,0.182917038119823,0.200619475458732,0.391667233797061
