"No","Ch1","Ch2","Ch3","Ch4"
14251,0.488790436207634,0.157636553733321,0.090798684173343,0.262774325885703
14252,0.1996226236538,0.189515424635646,0.114402040503924,0.49645991120663
14253,0.55066274102817,0.108688993116264,0.195344605158448,0.145303660697118
14254,0.158223967131974,0.102541167574703,0.420216389485287,0.319018475808036
14255,0.427083685875962,0.111166290833873,0.200388511562701,0.261361511727464
14256,0.216078273569208,0.238980332315861,0.318948684370248,0.225992709744682
14257,0.133658107589947,0.199706442191876,0.175763445649887,0.49087200456829
14258,0.0988899492301232,0.170925018131347,0.363204720081732,0.366980312556798
14259,0.142049613220918,0.128348440920909,0.401897521880654,0.327704423977518
14260,0.306153335492185,0.206519886342002,0.230846620092004,0.256480158073809
14261,0.188000711040785,0.21866348634877,0.167087795447586,0.426248007162859
14262,0.208363505484191,0.219041582309334,0.147308111318141,0.425286800888334
14263,0.148407781258545,0.114155084169495,0.252365634090439,0.485071500481522
14264,0.275405900792607,0.230994230634171,0.160205682388844,0.333394186184378
14265,0.236198031043718,0.169976982104546,0.198404350777298,0.395420636074438
14266,0.216392406488115,0.163509775264439,0.363852162906224,0.256245655341222
14267,0.177489185911345,0.169780932823416,0.487316176080327,0.165413705184912
14268,0.26613684787793,0.261738298219,0.183005743996865,0.289119109906205
14269,0.140520940865206,0.173562590191406,0.333597602132679,0.352318866810709
14270,0.167918818558688,0.0932480433911181,0.0782671957117966,0.660565942338397
14271,0.0643306640071786,0.11637087330294,0.0852017582957686,0.734096704394113
14272,0.144212527283517,0.0680923434492102,0.140396185157731,0.647298944109543
14273,0.118571200816476,0.131222899042445,0.457441659139788,0.292764241001291
14274,0.263815088830382,0.0562344101878341,0.131912723862577,0.548037777119207
14275,0.170370208832979,0.113693253581798,0.151078785711022,0.564857751874202
14276,0.244617073119444,0.0566201000900619,0.427675899214783,0.271086927575712
14277,0.0728625541425674,0.278087013458944,0.358694041982465,0.290356390416023
14278,0.101674735812124,0.548580095580514,0.147692895724279,0.202052272883083
14279,0.221817420741557,0.164654382831216,0.270725268735553,0.342802927691673
14280,0.0861403856965611,0.239053584102827,0.0847452966507902,0.590060733549822
14281,0.0638573978869739,0.36494874330427,0.119899242304223,0.451294616504533
14282,0.123203019884202,0.138022932210945,0.138437412437023,0.60033663546783
14283,0.0673337776279909,0.276764629355537,0.124684321509487,0.531217271506985
14284,0.179261521310722,0.590792568030463,0.0628480182161031,0.167097892442712
14285,0.0547674731555735,0.0798462474407686,0.427315950005819,0.438070329397839
14286,0.395818663286116,0.28428827872927,0.20474089409894,0.115152163885673
14287,0.179625999988512,0.0965758514730423,0.188368888523071,0.535429260015375
14288,0.589404055515203,0.0842129152669676,0.079270701612534,0.247112327605295
14289,0.467384060850897,0.0886227399466905,0.103850684942978,0.340142514259434
14290,0.115115239346374,0.0823910527402567,0.133086776252846,0.669406931660523
14291,0.324287474096367,0.120656464783195,0.228301210938455,0.326754850181982
14292,0.393132388211137,0.128674531899665,0.16051511385127,0.317677966037928
14293,0.160487369695501,0.213267864061079,0.173179810429438,0.453064955813982
14294,0.194707789470775,0.205935562975873,0.121172846718337,0.478183800835015
14295,0.153397901648069,0.662990102740904,0.0925316936381259,0.0910803019729013
14296,0.122626783175907,0.197133057756374,0.168877639403552,0.511362519664168
14297,0.10476690885182,0.357015928178485,0.367659805608595,0.170557357361101
14298,0.574215560006979,0.103037479286282,0.0954509915626715,0.227295969144067
14299,0.13180300924902,0.137201409244763,0.0900846753928493,0.640910906113368
14300,0.504352498983499,0.0917741993707565,0.0749513378429252,0.328921963802819
14301,0.0912660135970204,0.133547878672587,0.144293990742013,0.63089211698838
14302,0.106128985489133,0.672484565323332,0.0835543181990591,0.137832130988476
14303,0.0869269677536613,0.454182357232918,0.0996230475049794,0.359267627508441
14304,0.125962916369271,0.61959519742075,0.0775479737815641,0.176893912428415
14305,0.157948379225534,0.293009025231531,0.279533507293534,0.2695090882494
14306,0.145484473681333,0.623738548760797,0.0860871292303735,0.144689848327496
14307,0.341779938406743,0.128290603357443,0.265545623205062,0.264383835030752
14308,0.508981911450465,0.133233623988955,0.199783373083549,0.158001091477031
14309,0.0931116477326478,0.209628693550895,0.383417325187165,0.313842333529292
14310,0.198912605754841,0.40246068748554,0.109285984219606,0.289340722540014
14311,0.136653685681864,0.125545094975591,0.517109664492921,0.220691554849624
14312,0.350531772300118,0.231603974129689,0.195641567288562,0.222222686281631
14313,0.153629797118072,0.185367732372108,0.488509274949914,0.172493195559906
14314,0.192800773450534,0.188703922664004,0.399321250062204,0.219174053823259
14315,0.293414061453697,0.18767571567463,0.16718889157673,0.351721331294942
14316,0.172677480351489,0.250539413698936,0.486586438684002,0.0901966672655734
14317,0.190503462151503,0.115907312137162,0.418311815585948,0.275277410125387
14318,0.337215378469526,0.142775072345007,0.217629098451553,0.302380450733914
14319,0.51971222700563,0.207045816886646,0.157511865730304,0.11573009037742
14320,0.192499318053923,0.142395591808074,0.400961423328822,0.264143666809181
14321,0.424868775025036,0.181843572908499,0.295646515905818,0.097641136160647
14322,0.139558834395483,0.229823303922637,0.5087798642478,0.121837997434079
14323,0.262251694662834,0.161024185605969,0.2858406611804,0.290883458550797
14324,0.103278596913153,0.175384645264723,0.577349634399518,0.143987123422605
14325,0.216937667119967,0.147385381047811,0.208097085596707,0.427579866235515
14326,0.195370954589986,0.113535125917371,0.32719926940162,0.363894650091024
14327,0.271028574802172,0.185922965668992,0.151413584526485,0.39163487500235
14328,0.347835309685038,0.153251267445893,0.139254571590617,0.359658851278451
14329,0.155314046981591,0.368232385401326,0.398824736536439,0.0776288310806437
14330,0.214173349758097,0.182576966211853,0.174976843190277,0.428272840839773
14331,0.253015558217386,0.270142138576601,0.208362654099529,0.268479649106484
14332,0.197855251204822,0.392362378068992,0.184778999565915,0.225003371160271
14333,0.200407681889667,0.290966869993388,0.152421512151428,0.356203935965517
14334,0.165992986382363,0.295866408827351,0.133258966392041,0.404881638398246
14335,0.453946458925098,0.183721390966808,0.145254266128124,0.217077883979971
14336,0.346193676388865,0.178768188287887,0.0925681881108742,0.382469947212373
14337,0.265724778795802,0.228914298148086,0.257497622509044,0.247863300547068
14338,0.162546514394704,0.536498163413674,0.124966272194774,0.175989049996848
14339,0.167396156851389,0.142365469716732,0.128459692061003,0.561778681370875
14340,0.187713307064407,0.209346871709282,0.228258444279063,0.374681376947248
14341,0.16058138691707,0.167568842112092,0.521280487480207,0.15056928349063
14342,0.234159306829421,0.425590215653476,0.192107798414462,0.148142679102641
14343,0.204693671086827,0.119156833560586,0.15924570373087,0.516903791621717
14344,0.195468344756079,0.252999811911166,0.130637983523546,0.420893859809208
14345,0.218407437141359,0.241661814880232,0.167038095329482,0.372892652648927
14346,0.573355212930424,0.132837940406934,0.131876347233913,0.161930499428729
14347,0.106482381950632,0.238464121012618,0.256199165680422,0.398854331356328
14348,0.190467406524903,0.422275888873712,0.160814716348511,0.226441988252874
14349,0.182064071513452,0.411800460203623,0.175890996031024,0.230244472251901
14350,0.386455655805428,0.177829475425769,0.162511668466797,0.273203200302007
14351,0.086580887421075,0.488912203270226,0.138772365358628,0.285734543950071
14352,0.207579476827964,0.458006008549952,0.126778804681963,0.207635709940122
14353,0.131781367048299,0.517359507499111,0.179522156779008,0.171336968673583
14354,0.492550965855128,0.144906286566944,0.131869753490626,0.230672994087302
14355,0.174500120602813,0.114265418778537,0.144072968537048,0.567161492081602
14356,0.13323305654256,0.0994352689998289,0.318657415840656,0.448674258616955
14357,0.339977742514754,0.155111895595024,0.315891089037089,0.189019272853133
14358,0.618796422185875,0.0631036952278322,0.159385283876087,0.158714598710207
14359,0.1177105729782,0.167613784585074,0.221008606501309,0.493667035935417
14360,0.206704693531493,0.191613034390052,0.451753715574318,0.149928556504136
14361,0.0956277774821624,0.133603954288662,0.377073642390366,0.39369462583881
14362,0.117560540500329,0.42019829099137,0.117204111412633,0.345037057095668
14363,0.143330077002258,0.438225077046571,0.203080137579024,0.215364708372147
14364,0.16808494645388,0.189825228134383,0.518544464421848,0.123545360989889
14365,0.202624635851325,0.156631326836566,0.144808976772757,0.495935060539353
14366,0.145099219499775,0.424850855777267,0.148492554081401,0.281557370641558
14367,0.527521639020893,0.238651390488934,0.148018499663243,0.0858084708269295
14368,0.137951267790005,0.188136932320593,0.481612785902476,0.192299013986926
14369,0.189111676672454,0.322489304890239,0.39840777416352,0.0899912442737863
14370,0.17338783703877,0.451931317525486,0.26395637440731,0.110724471028435
14371,0.162451512285551,0.151815790893357,0.305394757240257,0.380337939580836
14372,0.154297110998388,0.128433784055785,0.429027916944703,0.288241188001123
14373,0.110318631357653,0.132100236247035,0.188794948553014,0.568786183842298
14374,0.211004920594402,0.169151882986834,0.356716078877003,0.26312711754176
14375,0.125263299408661,0.236139600330114,0.170060204960618,0.468536895300607
14376,0.141441654805003,0.179838614823055,0.454124553483454,0.224595176888488
14377,0.158707015855785,0.57533916612696,0.089263813756282,0.176690004260974
14378,0.178798072387819,0.136362180060489,0.189336123364824,0.495503624186867
14379,0.419300146051064,0.149314475320731,0.144807363438955,0.28657801518925
14380,0.152440652403325,0.32134217330508,0.113464904388949,0.412752269902645
14381,0.174660456886088,0.158383193302921,0.196629025391125,0.470327324419866
14382,0.219247746226133,0.436323245359246,0.178905805923094,0.165523202491528
14383,0.183392284900011,0.204285881428736,0.162484725479,0.449837108192254
14384,0.165594242582681,0.374266230972889,0.302898399802256,0.157241126642175
14385,0.269871389496818,0.109929145544785,0.144780799088192,0.475418665870205
14386,0.1264938197255,0.148435886964666,0.122420522081113,0.60264977122872
14387,0.297658894690504,0.333389437695632,0.156689331919252,0.212262335694612
14388,0.258793234970163,0.203919264507726,0.189623213243621,0.347664287278491
14389,0.235117812450642,0.104653688172851,0.0808676329647968,0.579360866411711
14390,0.1983053600779,0.0672422429534373,0.287986572866958,0.446465824101705
14391,0.133279331962571,0.0815162974066122,0.561916330224755,0.223288040406062
14392,0.104474133157065,0.0879191143974068,0.326466303201245,0.481140449244283
14393,0.149894487713211,0.0942798625451195,0.201682483003224,0.554143166738446
14394,0.0777779843202917,0.0763720833409251,0.347591178981811,0.498258753356972
14395,0.108264855067115,0.286997130061142,0.361780890455507,0.242957124416235
14396,0.331280191358199,0.111408489664199,0.292994416019246,0.264316902958356
14397,0.152079464379318,0.143589837867649,0.137835561012925,0.566495136740108
14398,0.213865673618255,0.0569130570591585,0.626310598301314,0.102910671021273
14399,0.12476454758215,0.103387036675764,0.131201903883359,0.640646511858727
14400,0.0834361966766316,0.202462880204397,0.219665668063178,0.494435255055793
14401,0.275600771375355,0.253712442164645,0.168723147155231,0.30196363930477
14402,0.119541063321009,0.42673161798858,0.165663923954526,0.288063394735886
14403,0.108239585235257,0.529954288838172,0.128046537737601,0.233759588188971
14404,0.102735622197147,0.156614144287754,0.662509109485149,0.0781411240299504
14405,0.511070070426552,0.178254662384817,0.216290068522476,0.0943851986661544
14406,0.190838323718781,0.252958799338988,0.0946461162027891,0.461556760739442
14407,0.109472163212695,0.128206215215406,0.607757665562193,0.154563956009706
14408,0.176168818224648,0.124238475648842,0.598874492609476,0.100718213517034
14409,0.594289092687262,0.0714055173679256,0.13027915822009,0.204026231724722
14410,0.106963445485001,0.178218637601624,0.472305717597021,0.242512199316354
14411,0.374856919976431,0.16590138828645,0.121729945080725,0.337511746656395
14412,0.500326542936951,0.12305228856107,0.145302074130477,0.231319094371502
14413,0.159600861873752,0.186714421226549,0.161385509454864,0.492299207444835
14414,0.165978305732,0.250904169261601,0.231088852791719,0.352028672214679
14415,0.560839149228149,0.154429260617157,0.112515927441924,0.172215662712771
14416,0.136851616474254,0.613461171723271,0.0947438917177994,0.154943320084676
14417,0.0817830022074194,0.412931855327904,0.119897260819356,0.38538788164532
14418,0.109585441564348,0.462374620539767,0.270084185320948,0.157955752574937
14419,0.135481107672463,0.121912898841359,0.305013603787568,0.43759238969861
14420,0.515646682113209,0.123655949566474,0.0875777076686181,0.273119660651699
14421,0.103121079365254,0.0777756738644283,0.69135119582875,0.127752050941567
14422,0.359805913112115,0.0926633639228675,0.189211375346375,0.358319347618643
14423,0.0994892934580199,0.085350690391494,0.40755692710517,0.407603089045316
14424,0.122091919083396,0.136691364307176,0.118632682255567,0.62258403435386
14425,0.147361317580535,0.097715770313762,0.60446998253587,0.150452929569833
14426,0.126570182342322,0.0893005001594366,0.252357581215188,0.531771736283054
14427,0.114665721509016,0.257199167181988,0.40479841579014,0.223336695518856
14428,0.121792836849237,0.541507452185304,0.0896052548737193,0.24709445609174
14429,0.0935530869725072,0.161252482836229,0.109022297138503,0.63617213305276
14430,0.108412815350195,0.0743312468391769,0.604837763553693,0.212418174256934
14431,0.130860595798263,0.476726649222461,0.129043229587605,0.263369525391671
14432,0.18958197781516,0.416329874162404,0.10283848733015,0.291249660692285
14433,0.1212062156835,0.172115684276275,0.491747819386004,0.214930280654221
14434,0.0992683622498694,0.313659219304386,0.156445476111179,0.430626942334566
14435,0.133213534372993,0.366728489288582,0.0726936017873572,0.427364374551068
14436,0.0993664843282266,0.122962100651014,0.199622767367396,0.578048647653364
14437,0.138301758516643,0.195713640271293,0.450233024324768,0.215751576887296
14438,0.445554698543362,0.231667428912696,0.112623968902796,0.210153903641146
14439,0.0962738112711108,0.378787169375257,0.18149686439505,0.343442154958583
14440,0.589490921929902,0.1303529866999,0.147361788549811,0.132794302820387
14441,0.114840957218154,0.372389301755228,0.132638051110542,0.380131689916076
14442,0.102707285694953,0.116038246123981,0.13881799060135,0.642436477579715
14443,0.33186263864693,0.106917851918106,0.442609703378339,0.118609806056625
14444,0.113959514157364,0.258648695167722,0.142925936325052,0.484465854349862
14445,0.361683080881304,0.155169772161688,0.332511465769812,0.150635681187197
14446,0.241059683082369,0.162716454003346,0.0591506818245845,0.537073181089701
14447,0.120332705119311,0.671752501581952,0.0682344581871615,0.139680335111575
14448,0.123069549174259,0.134910999832719,0.556848441710406,0.185171009282616
14449,0.194825017448661,0.0875531039688239,0.170050367734044,0.547571510848471
14450,0.169014206777708,0.283928835601957,0.0956483379607868,0.451408619659548
14451,0.518674585544416,0.151891120158876,0.073816883857002,0.255617410439707
14452,0.103654957436491,0.18371931831982,0.149686401785978,0.562939322457711
14453,0.519472625429907,0.0905056965932665,0.150538415350962,0.239483262625865
14454,0.23811635716227,0.0997996990654942,0.0945399578844288,0.567543985887807
14455,0.142869227295832,0.231910250667507,0.320737542150775,0.304482979885885
14456,0.0966205092311842,0.664752054537148,0.0589476472752843,0.179679788956383
14457,0.677458092912604,0.107100228987591,0.0667065755244706,0.148735102575334
14458,0.0882145170957797,0.120946945880552,0.19374403353488,0.597094503488788
14459,0.23296183736761,0.508666612938811,0.105582801574454,0.152788748119125
14460,0.425823087452576,0.149393058132434,0.161283429622884,0.263500424792105
14461,0.324519946818475,0.189308675656899,0.339448781419972,0.146722596104654
14462,0.263757087873109,0.132453002724156,0.206935563429876,0.396854345972859
14463,0.161219614272737,0.47874697008868,0.121460151551871,0.238573264086711
14464,0.419654421602053,0.199331551417093,0.188339724141946,0.192674302838908
14465,0.624711205754257,0.104041106023935,0.154162704277992,0.117084983943816
14466,0.129662362982986,0.2110968288111,0.277103412436202,0.382137395769712
14467,0.166885934035564,0.428778270687221,0.162647643686721,0.241688151590494
14468,0.334200651089719,0.396830985603966,0.175212369641375,0.0937559936649409
14469,0.14545770123247,0.191502227149348,0.339509012656907,0.323531058961275
14470,0.26930008375126,0.207795569481435,0.16333145598067,0.359572890786635
14471,0.152647320528859,0.204876627271838,0.232214708921622,0.410261343277681
14472,0.132061132428232,0.514472731151414,0.169668138175062,0.183797998245291
14473,0.158327177713368,0.164453619144019,0.189167984964052,0.48805121817856
14474,0.141803445562501,0.50745539266716,0.196511391495054,0.154229770275286
14475,0.411588772108528,0.266889820319643,0.15021408993038,0.171307317641449
14476,0.187755060492242,0.182354849446713,0.213214884396045,0.416675205665
14477,0.314156449448629,0.422399463900185,0.182025871075706,0.0814182155754806
14478,0.180538543242425,0.259749603920451,0.168009902874166,0.391701949962957
14479,0.22290209295606,0.166097462679087,0.514933193678382,0.0960672506864716
14480,0.203535388538282,0.169940921148911,0.477843754501105,0.148679935811703
14481,0.438220107604986,0.17483036721885,0.167508360013351,0.219441165162813
14482,0.369370953756297,0.231057799260662,0.197869589845508,0.201701657137534
14483,0.237280696779741,0.194879949733944,0.185184364047941,0.382654989438374
14484,0.391570147587364,0.222794601066008,0.191630319699337,0.194004931647291
14485,0.32522345753812,0.338796341609119,0.219460866454338,0.116519334398423
14486,0.230285490516027,0.116050005219756,0.227692013189456,0.425972491074761
14487,0.208643511589338,0.413481689116539,0.271278686777889,0.106596112516234
14488,0.268883370607262,0.198720182834564,0.204365854588087,0.328030591970087
14489,0.417147733345377,0.269113621462215,0.128430047763895,0.185308597428513
14490,0.209816115784023,0.346265042680129,0.222328152003716,0.221590689532132
14491,0.429811529447517,0.182475980447488,0.269913444368135,0.117799045736861
14492,0.277005786391796,0.0703908028175086,0.405179726224675,0.247423684566021
14493,0.345818481353756,0.26006160562968,0.29976589987854,0.0943540131380243
14494,0.145816801571847,0.244381989058513,0.520439658301881,0.089361551067759
14495,0.133997353116137,0.47458882807821,0.23626208018318,0.155151738622473
14496,0.166693047904793,0.242064164950774,0.20176647385349,0.389476313290944
14497,0.159172930660612,0.157444500063269,0.424505351796595,0.258877217479524
14498,0.424136149873712,0.218370815010192,0.156849955559375,0.200643079556721
14499,0.4281003222518,0.334672435846043,0.0931762707237327,0.144050971178424
14500,0.1101452881799,0.445512610572504,0.1010324199647,0.343309681282896
14501,0.468775067402026,0.085086213722825,0.129827183529665,0.316311535345484
14502,0.0907565479921922,0.192117397183408,0.560588289441206,0.156537765383194
14503,0.0840419104587665,0.164845718868399,0.586575914297835,0.164536456375
14504,0.227807341551416,0.100408551071783,0.176982113104982,0.494801994271818
14505,0.52008757721119,0.0894592100730576,0.093323503180754,0.297129709534999
14506,0.595715322414752,0.0792452691584371,0.0835782020497736,0.241461206377038
14507,0.113043975984208,0.111631866440021,0.0976190796559725,0.677705077919799
14508,0.224643595900628,0.512816026370342,0.0913096462589179,0.171230731470112
14509,0.123024399872096,0.121879107905699,0.0896284041887165,0.665468088033489
14510,0.129539592531473,0.124572336803123,0.164944726586121,0.580943344079283
14511,0.422783426111274,0.188780167723035,0.115599089246511,0.27283731691918
14512,0.413868111976664,0.224492569295357,0.232261721677041,0.129377597050938
14513,0.160454709744426,0.157351422774911,0.0899414585128585,0.592252408967805
14514,0.130548040400984,0.473137005082402,0.0880208043323527,0.308294150184261
14515,0.467735198533334,0.10319525992406,0.161999178305307,0.267070363237299
14516,0.12477269791809,0.103706829589453,0.228342418398311,0.543178054094147
14517,0.102590447080789,0.0807081927692644,0.148429189718632,0.668272170431315
14518,0.13238143707028,0.174756522047779,0.177940783034472,0.514921257847469
14519,0.281858379269754,0.113108004336949,0.162087494523499,0.442946121869797
14520,0.171851460216288,0.453513655398456,0.132338222951453,0.242296661433803
14521,0.0743787916663867,0.0734623508470796,0.411697009471576,0.440461848014957
14522,0.0718828897179414,0.341824389315411,0.151667612835742,0.434625108130905
14523,0.26379274943337,0.0744277755368815,0.457779465241811,0.204000009787937
14524,0.140309318619053,0.134450929744136,0.465281593979253,0.259958157657557
14525,0.123323921500518,0.0816672849333423,0.639785421812979,0.155223371753161
14526,0.294786260453963,0.0976457084796914,0.125255682072865,0.482312348993481
14527,0.074258408919788,0.10002115395926,0.455215965798964,0.370504471321988
14528,0.328555198037891,0.0903323359734798,0.125830216813282,0.455282249175347
14529,0.336718388999639,0.0983531655485942,0.0708602148223324,0.494068230629435
14530,0.0377680096804946,0.212470362874436,0.168342134420853,0.581419493024216
14531,0.124174548964942,0.128599152578286,0.558283017457631,0.188943280999142
14532,0.180809182804027,0.124788138914839,0.215627321356818,0.478775356924315
14533,0.0589547567130372,0.121990901451729,0.0931743488280283,0.725879993007206
14534,0.111279310555755,0.11447565046887,0.659770946376328,0.114474092599047
14535,0.0750336281389775,0.36248011680462,0.150068386683507,0.412417868372895
14536,0.367935054294652,0.235454263328481,0.0930656389589546,0.303545043417912
14537,0.113818179012779,0.32062484128731,0.0860194147323984,0.479537564967512
14538,0.146405773429955,0.371762338403405,0.117080860068974,0.364751028097667
14539,0.23620269629753,0.3262442350032,0.124210236335365,0.313342832363905
14540,0.0779349156914873,0.152537150958403,0.241548825603565,0.527979107746545
14541,0.0701791661494314,0.104450144388962,0.318328741859212,0.507041947602395
14542,0.127701998418514,0.114259757250259,0.187038601398115,0.570999642933112
14543,0.0938222383540911,0.455939066532732,0.194789052649219,0.255449642463958
14544,0.117142245033758,0.119415848208081,0.144200248757443,0.619241658000718
14545,0.357076908975422,0.234913771401109,0.110327794785342,0.297681524838127
14546,0.126266451688226,0.473158981872292,0.184691039327249,0.215883527112234
14547,0.13777471209394,0.268297327724275,0.146333030494736,0.447594929687049
14548,0.218506926371054,0.345555124605911,0.117753967422407,0.318183981600628
14549,0.147848686921298,0.137767761920364,0.171041902535629,0.543341648622708
14550,0.11635801473817,0.100205363568598,0.17810043874833,0.605336182944902
14551,0.1494295366124,0.164300338192091,0.226522764202085,0.459747360993424
14552,0.318479241025806,0.147977164823153,0.281999609146635,0.251543985004406
14553,0.186106712346243,0.15935023781787,0.198189788069561,0.456353261766326
14554,0.512967303899393,0.116874137036471,0.0970228836211906,0.273135675442946
14555,0.467832259265464,0.175023152423793,0.118402024082078,0.238742564228664
14556,0.499862161113893,0.115722153042702,0.106422546298788,0.277993139544617
14557,0.0947084275013521,0.485946021190466,0.167815812456478,0.251529738851704
14558,0.355664557113576,0.121092042407666,0.130687824321079,0.392555576157679
14559,0.0888819043568703,0.506699471122305,0.153143427965366,0.251275196555459
14560,0.0551321279835473,0.0897240966995733,0.657826637908899,0.197317137407981
14561,0.424555045919472,0.121699044174982,0.318600644182141,0.135145265723405
14562,0.147962580712917,0.0985426095938908,0.30911029473137,0.444384514961823
14563,0.0813610885274663,0.368066749028423,0.315927489752083,0.234644672692028
14564,0.135632877497246,0.343562784089109,0.0904327725598336,0.430371565853812
14565,0.374111827773925,0.0901586242679539,0.157531344797009,0.378198203161111
14566,0.113632186909303,0.375155839292191,0.17878072083389,0.332431252964617
14567,0.0986686215383779,0.0756494824857998,0.355991709378341,0.469690186597481
14568,0.147723282308858,0.213538477090283,0.2685040932104,0.370234147390459
14569,0.612495384750844,0.16603580727408,0.0812800286781396,0.140188779296936
14570,0.472439818455702,0.0784299424782842,0.125428267478613,0.3237019715874
14571,0.0975491140727811,0.522056385112579,0.101094191310345,0.279300309504294
14572,0.139593895722754,0.424523013513866,0.0476879233291589,0.388195167434221
14573,0.0965932194724528,0.0924063363173266,0.125717446458766,0.685282997751455
14574,0.47849302666437,0.199417649838934,0.0686079801590875,0.253481343337608
14575,0.518440031478544,0.109232573705745,0.0829776283174948,0.289349766498216
14576,0.073947419323856,0.0925993860118449,0.368135703083149,0.46531749158115
14577,0.118018872039577,0.0974896672699051,0.110931735646928,0.673559725043589
14578,0.264821203892075,0.320333841421863,0.273628934664536,0.141216020021526
14579,0.0999282243344525,0.175806529499091,0.183693550013707,0.54057169615275
14580,0.117114697989431,0.477811332261485,0.0736967765435144,0.33137719320557
14581,0.425740343794832,0.0908474952211555,0.218742309284779,0.264669851699233
14582,0.0889562222546132,0.272317030971504,0.40541833776625,0.233308409007633
14583,0.0747708688348014,0.381028824755601,0.12071477167501,0.423485534734587
14584,0.622630247945523,0.133339479315174,0.13807676629272,0.105953506446582
14585,0.353972450778917,0.260575705325249,0.0881728189324746,0.29727902496336
14586,0.243423951345863,0.2669259079437,0.119265030702251,0.370385110008186
14587,0.0957388091995061,0.156717318406221,0.0857038305143532,0.66184004187992
14588,0.124129628750173,0.0738109510359436,0.107792099950517,0.694267320263367
14589,0.10863665369207,0.172161747210608,0.0748396914518899,0.644361907645432
14590,0.260982721898606,0.16279216152278,0.272890867487472,0.303334249091141
14591,0.18862103137865,0.0663396584980642,0.206942123750526,0.538097186372759
14592,0.0851920506379553,0.0902759599294797,0.321773489621559,0.502758499811006
14593,0.636564659582733,0.123735644180503,0.0651473266179635,0.1745523696188
14594,0.0986425453830081,0.139978454337461,0.265540112291751,0.49583888798778
14595,0.102681826110177,0.449573314344557,0.303720028137675,0.144024831407591
14596,0.266169186669616,0.436031175289233,0.131414844313521,0.166384793727629
14597,0.240003189874753,0.119167884658535,0.245605170043865,0.395223755422847
14598,0.35430861926692,0.186015548305372,0.217234280842445,0.242441551585262
14599,0.389683792378726,0.126569517572024,0.252361088355443,0.231385601693807
14600,0.33145432693569,0.404122539660981,0.107537494468654,0.156885638934674
14601,0.133317439191028,0.328449431704737,0.0943042905696286,0.443928838534607
14602,0.201790875877319,0.304774699417867,0.29917092269331,0.194263502011503
14603,0.0712324854808459,0.513625526092236,0.112324850390104,0.302817138036814
14604,0.242110784569937,0.26568976727145,0.0976180647351887,0.394581383423424
14605,0.112324666877124,0.309810029813498,0.28693557232038,0.290929730988998
14606,0.449009218830846,0.0959988913291977,0.297908311552828,0.157083578287129
14607,0.106600350003509,0.123200821902663,0.350022427718516,0.420176400375312
14608,0.200975522124064,0.210192154876456,0.164303643662287,0.424528679337192
14609,0.539017121846461,0.073558889256529,0.135240122272567,0.252183866624443
14610,0.145242938931121,0.135514159556729,0.117866833776247,0.601376067735903
14611,0.208121094844044,0.135198629766936,0.145446734308704,0.511233541080316
14612,0.152668633566784,0.26031562157393,0.0883843901953954,0.498631354663891
14613,0.734744747361193,0.0888198871108222,0.064848886172027,0.111586479355958
14614,0.220283586253006,0.451043114182786,0.107585538008662,0.221087761555546
14615,0.498833974913999,0.321330130294784,0.0687167637284978,0.11111913106272
14616,0.236744579202584,0.259197338023813,0.134721266625856,0.369336816147746
14617,0.152229235194013,0.330372038894621,0.0887552843240605,0.428643441587305
14618,0.0635101996148164,0.0901451139340885,0.603307605312245,0.24303708113885
14619,0.306332740317571,0.323167374865481,0.110719931664318,0.259779953152629
14620,0.194842695885321,0.142424920911587,0.537481591477834,0.125250791725258
14621,0.138942024767007,0.233903758891782,0.0911563450457677,0.535997871295444
14622,0.104504651456136,0.534326760826225,0.14334060169873,0.217827986018909
14623,0.560524726009819,0.0727779791305259,0.0768292279457121,0.289868066913943
14624,0.508542771826148,0.123478296405201,0.144880186026106,0.223098745742545
14625,0.081412305623017,0.62491017664308,0.0750080340736139,0.218669483660289
14626,0.0830287600971362,0.105134522174889,0.388041582199732,0.423795135528243
14627,0.0894511978418851,0.11156403598615,0.41737302613051,0.381611740041455
14628,0.288009577012378,0.087600150716377,0.462254608299385,0.16213566397186
14629,0.116713659033461,0.366453293080084,0.0901339804625182,0.426699067423937
14630,0.100493660753932,0.428935018340297,0.0739499800355628,0.396621340870209
14631,0.444380388435334,0.113288632964281,0.114395455185697,0.327935523414688
14632,0.164295858918614,0.111620709318249,0.240762852437354,0.483320579325784
14633,0.0904185592661822,0.237076843848492,0.169801230015103,0.502703366870223
14634,0.0908692335742528,0.447875972280249,0.0776942554415329,0.383560538703966
14635,0.26497391480595,0.111335305191967,0.204431701182953,0.41925907881913
14636,0.143546208016475,0.104221665668788,0.139714028648952,0.612518097665785
14637,0.266851669781908,0.378860308745325,0.123136250726956,0.23115177074581
14638,0.0750534880159478,0.121415623884593,0.573258220641991,0.230272667457469
14639,0.585688039898502,0.0740944969012381,0.173927436975091,0.166290026225168
14640,0.318242240667639,0.174367903890961,0.103258289792201,0.404131565649199
14641,0.573350836407808,0.15803332855322,0.0712384322733813,0.197377402765591
14642,0.145284790584643,0.258199875952723,0.158038023422326,0.438477310040309
14643,0.287495664763427,0.0748105136456986,0.127844198491382,0.509849623099492
14644,0.144497645474359,0.347166783906821,0.0862346267983032,0.422100943820517
14645,0.10522855822755,0.188796831989238,0.349443687727748,0.356530922055463
14646,0.0825478713990837,0.281017536002175,0.383425818404624,0.253008774194117
14647,0.0965321415291661,0.176778952548122,0.249216499012352,0.477472406910359
14648,0.174028695455865,0.111215561876956,0.171799542307328,0.542956200359852
14649,0.476711500974169,0.157799230291413,0.117189581928429,0.248299686805989
14650,0.124763835541597,0.229449312307838,0.10937000421105,0.536416847939515
14651,0.090292626103843,0.108292559931194,0.521159895189709,0.280254918775254
14652,0.181234822888753,0.129953248299905,0.440500309712067,0.248311619099276
14653,0.241544325904986,0.140709694140432,0.340639865984107,0.277106113970474
14654,0.12794569233407,0.223517571749149,0.390083146972254,0.258453588944528
14655,0.185628745269334,0.167234995547419,0.115229571770498,0.531906687412749
14656,0.11757874178715,0.213073855690873,0.128462069715841,0.540885332806136
14657,0.091302057916873,0.402021524717145,0.252910897133103,0.253765520232879
14658,0.185859753263682,0.0908893587081277,0.24498692385979,0.4782639641684
14659,0.457219183096848,0.0989773104740483,0.127401880007198,0.316401626421905
14660,0.168154244512537,0.220857021904179,0.224102899282335,0.38688583430095
14661,0.126293795624374,0.177010226760589,0.525476365129179,0.171219612485858
14662,0.0907979000819573,0.14697392243415,0.340044333207278,0.422183844276616
14663,0.114530580771636,0.0978378874648696,0.172101458302939,0.615530073460555
14664,0.0998287607880421,0.55662934589663,0.103072201859211,0.240469691456116
14665,0.153144588131026,0.169312728769675,0.110628325452206,0.566914357647093
14666,0.0786344470316751,0.152215918209191,0.280727234836655,0.488422399922479
14667,0.452940354152677,0.201507178800476,0.14649233233626,0.199060134710587
14668,0.218569144040835,0.103207304743333,0.215276885093302,0.46294666612253
14669,0.281716519222071,0.231036375630241,0.0774613374633208,0.409785767684367
14670,0.150762453780028,0.0793899470443009,0.114357298394504,0.655490300781167
14671,0.070640494043218,0.103998752538146,0.256962044879434,0.568398708539202
14672,0.10381874938825,0.408239644316005,0.101192955162044,0.386748651133702
14673,0.598598986775405,0.162354844080539,0.110952571770072,0.128093597373984
14674,0.0745019559000167,0.0630297173017205,0.712957218808152,0.149511107990111
14675,0.0889626432883083,0.187912237468133,0.0823465013477647,0.640778617895794
14676,0.597260943719926,0.0729723010079719,0.107858270874194,0.221908484397909
14677,0.113199236047702,0.0949156157147151,0.203045335216069,0.588839813021514
14678,0.547923017527934,0.0961854011797698,0.112321739989197,0.2435698413031
14679,0.0580791345491575,0.0792769931544823,0.599437459214184,0.263206413082176
14680,0.0840400380189151,0.16743889667749,0.336054440670446,0.412466624633149
14681,0.0936974099066993,0.465904768870483,0.114207812279618,0.326190008943199
14682,0.0675096430235028,0.465721543328963,0.101291279464657,0.365477534182877
14683,0.11287522318022,0.15026390089892,0.0806938814860753,0.656166994434785
14684,0.117215193356001,0.0887728850999926,0.254807415356173,0.539204506187834
14685,0.358254308162813,0.22523661994317,0.240909998517759,0.175599073376258
14686,0.0859824900778802,0.0745905207137948,0.169432839999813,0.669994149208512
14687,0.124773756106517,0.0639639401746911,0.65403988792005,0.157222415798741
14688,0.138157799728888,0.156949244133053,0.184175476304151,0.520717479833908
14689,0.139731747246227,0.12361241544844,0.371545982145971,0.365109855159362
14690,0.300194360600971,0.129197380571269,0.248640477394734,0.321967781433025
14691,0.368354063964323,0.245840235082086,0.162851057008083,0.222954643945508
14692,0.190837788080152,0.468185373081553,0.158230990019819,0.182745848818477
14693,0.358954112798084,0.181656884725348,0.377456934699333,0.0819320677772347
14694,0.118833989767252,0.160289559445664,0.484423459327156,0.236452991459929
14695,0.230883516841178,0.168412195573627,0.275367667751896,0.3253366198333
14696,0.194317035508999,0.453986296291892,0.064002224149584,0.287694444049524
14697,0.145153078302887,0.63308426183892,0.0980538273380706,0.123708832520122
14698,0.164022251008719,0.185102786653972,0.263567371749449,0.387307590587859
14699,0.3127598481874,0.165322859007237,0.087809596933379,0.434107695871984
14700,0.118582759899846,0.643676870931428,0.104956558284636,0.13278381088409
14701,0.099267303766742,0.308836549251835,0.142882183875259,0.449013963106163
14702,0.158793259267414,0.149728508404473,0.200230359225542,0.491247873102571
14703,0.168209861016243,0.141896620915777,0.201219048961687,0.488674469106293
14704,0.140068047383915,0.136630074468203,0.546698059177557,0.176603818970325
14705,0.249027010761944,0.141934326060067,0.443191979874502,0.165846683303487
14706,0.12022994425975,0.439815373534752,0.117901454784909,0.322053227420589
14707,0.152628671160475,0.122337130322144,0.0860806333452268,0.638953565172154
14708,0.196050237027108,0.0765932110062053,0.125891837283411,0.601464714683275
14709,0.136139130182591,0.101383973460051,0.194004527549533,0.568472368807826
14710,0.0984604116507302,0.107346616391241,0.612976034269081,0.181216937688948
14711,0.619739566579534,0.143750788090199,0.0806665870533607,0.155843058276907
14712,0.135766324513402,0.352801919488098,0.208690346237748,0.302741409760752
14713,0.250486730902408,0.125597945483621,0.0878133349179765,0.536101988695994
14714,0.0942462809586428,0.123438141370372,0.419991006215539,0.362324571455446
14715,0.3091735567948,0.0669738061109396,0.176860064598389,0.446992572495871
14716,0.211859979362219,0.161573020422892,0.101068435850348,0.525498564364541
14717,0.125186175955544,0.148362383387136,0.209236140307359,0.517215300349961
14718,0.26912380326069,0.112926739646444,0.254295011598017,0.363654445494849
14719,0.25903878188063,0.160792961187909,0.263996725949346,0.316171530982115
14720,0.140213602499287,0.369553751262306,0.0734662842287684,0.416766362009638
14721,0.224519508094745,0.0982836216776834,0.289480171117314,0.387716699110257
14722,0.10908252205687,0.15678779495027,0.105675659947649,0.62845402304521
14723,0.313449681222522,0.142775862763046,0.174319906164594,0.369454549849839
14724,0.145647884756631,0.409511859048861,0.0951757168157372,0.349664539378771
14725,0.294359474173633,0.0792330085631685,0.14104363621301,0.485363881050189
14726,0.598225618683058,0.0991945426415681,0.13102731089671,0.171552527778663
14727,0.154441532639323,0.110328408995074,0.132718001164913,0.602512057200691
14728,0.29874985993843,0.327739797843323,0.168564543352827,0.204945798865421
14729,0.13214393100586,0.309189376869677,0.308822305126412,0.249844386998051
14730,0.0778004512241909,0.126415375266161,0.598074859344016,0.197709314165632
14731,0.56985447307594,0.0723138634852126,0.125031280464803,0.232800382974044
14732,0.099083315577662,0.0967979842458743,0.45075022395475,0.353368476221714
14733,0.255007705648394,0.0978089772008419,0.163391884091581,0.483791433059183
14734,0.139815328941993,0.158824181347664,0.341571191433687,0.359789298276656
14735,0.0964645426437673,0.48179103008278,0.133540745149055,0.288203682124398
14736,0.458784676161395,0.108171003919796,0.158493138243637,0.274551181675172
14737,0.212910687346484,0.212222043120392,0.409539464620292,0.165327804912832
14738,0.265524922929714,0.145993135852819,0.243501528351302,0.344980412866164
14739,0.573611216849597,0.148515171469232,0.14174086196565,0.136132749715521
14740,0.263896275352867,0.130626765634816,0.12455674186047,0.480920217151848
14741,0.202827726697372,0.137854555291761,0.455094090359911,0.204223627650956
14742,0.385128579787644,0.124804650199359,0.32044526994632,0.169621500066676
14743,0.135952796780234,0.571287148407054,0.0953321766146973,0.197427878198015
14744,0.379661355516849,0.168043466641676,0.0898505705578042,0.36244460728367
14745,0.194266864922665,0.0606498384859406,0.141022870646195,0.6040604259452
14746,0.211523450483141,0.0899351557587105,0.166251217950721,0.532290175807427
14747,0.104347123011244,0.276380948492791,0.191072734053421,0.428199194442543
14748,0.32021503526789,0.159922911530889,0.0694461653285932,0.450415887872627
14749,0.163780720129497,0.424482534147744,0.161874586713298,0.24986215900946
14750,0.282479103294202,0.209536877380941,0.172863037096453,0.335120982228405
14751,0.120290343578667,0.55185614097947,0.162511252852483,0.165342262589381
14752,0.132489823736201,0.199092844250014,0.157719322904309,0.510698009109476
14753,0.12158907950901,0.162455754010103,0.163358177598645,0.552596988882242
14754,0.177384813600603,0.161368724692699,0.457100861124551,0.204145600582147
14755,0.113812120201393,0.273307009236634,0.138360651043225,0.474520219518749
14756,0.19179632507311,0.157903887833387,0.139640715770284,0.510659071323219
14757,0.158175973917679,0.170840845302493,0.213990417826346,0.456992762953483
14758,0.491397437903361,0.164071963554115,0.0926037150585627,0.251926883483962
14759,0.140289003697303,0.182124876254857,0.142997240620412,0.534588879427428
14760,0.156468002880946,0.463354730715114,0.0820952521917032,0.298082014212237
14761,0.105717288917418,0.445281123210439,0.121656270621234,0.32734531725091
14762,0.169742855736757,0.0773663954120774,0.40950933989612,0.343381408955045
