"No","Ch1","Ch2","Ch3","Ch4"
21566,0.0787061049822442,0.0978141555664991,0.291241985933302,0.532237753517955
21567,0.0995721503797829,0.318158982175185,0.287931500173681,0.294337367271351
21568,0.208769034815734,0.454447988579834,0.138646477965173,0.198136498639259
21569,0.502484361415624,0.144036325420597,0.089754100985719,0.26372521217806
21570,0.112200755996017,0.342546934699142,0.470502147255823,0.0747501620490172
21571,0.101179306884046,0.663603272977294,0.111557896568981,0.123659523569679
21572,0.0907964748047407,0.0985042834903947,0.48839276898691,0.322306472717954
21573,0.0945842752429496,0.124291208282589,0.125827498186487,0.655297018287974
21574,0.0854001176276296,0.311716024283403,0.471057381743099,0.131826476345869
21575,0.0660043452073263,0.111344228320445,0.534578965841157,0.288072460631071
21576,0.193082571493441,0.157359693108123,0.264275826232043,0.385281909166393
21577,0.17129609974382,0.152729114719436,0.579408881491399,0.0965659040453446
21578,0.392624306974024,0.173774937258255,0.132390976084716,0.301209779683005
21579,0.0439652185792726,0.129387521442786,0.161042254016951,0.665605005960991
21580,0.0983282894248924,0.569080629222983,0.160062325661117,0.172528755691008
21581,0.304710099521544,0.109144551139941,0.121762493434874,0.464382855903642
21582,0.0650417753843875,0.202840695111072,0.228483361248049,0.503634168256491
21583,0.0856348768055729,0.122175371146989,0.133727358943457,0.658462393103981
21584,0.133601546761081,0.196604662679048,0.102852128294335,0.566941662265536
21585,0.276555561869248,0.276442372637823,0.130852262154588,0.316149803338341
21586,0.176356128300268,0.519795027718104,0.134943075744288,0.168905768237339
21587,0.0649238343574163,0.599748575812996,0.173808467839748,0.161519121989839
21588,0.0542793060134537,0.105586249641567,0.621769980430666,0.218364463914314
21589,0.159243884191294,0.098692575648265,0.614282332026066,0.127781208134376
21590,0.0720397542949772,0.141792521876301,0.575117430178525,0.211050293650197
21591,0.0847080768943948,0.172687462673487,0.4138922959114,0.328712164520718
21592,0.126918614815021,0.193882553965782,0.106051356930397,0.5731474742888
21593,0.517036925238131,0.179635356211316,0.17557580338778,0.127751915162773
21594,0.115068745962663,0.168242506549614,0.253333403776243,0.46335534371148
21595,0.215659236588671,0.189030939029863,0.0979814491132319,0.497328375268234
21596,0.108209978606717,0.757498828224882,0.0780312535955739,0.0562599395728269
21597,0.29790512992446,0.299162586274262,0.0715232792215412,0.331409004579737
21598,0.0995586186768438,0.481640367652507,0.319109536202078,0.0996914774685713
21599,0.183387059856998,0.499080370636456,0.228870626605547,0.0886619429009987
21600,0.0872826082771533,0.209446616008542,0.104387404087738,0.598883371626567
21601,0.0929304066949768,0.170960454619114,0.145119148029644,0.590989990656265
21602,0.0816586551836934,0.506976599651032,0.296384265192952,0.114980479972322
21603,0.454858811601981,0.0981653149243479,0.135852400876081,0.31112347259759
21604,0.122101805250137,0.188247439943676,0.324480334656888,0.365170420149299
21605,0.300994615693598,0.141167376716344,0.348515803387779,0.209322204202279
21606,0.105423419644262,0.127933813982792,0.397479254450403,0.369163511922543
21607,0.483731999630359,0.116168309520557,0.0641298836616946,0.335969807187389
21608,0.292934635328598,0.335267100062529,0.120118857091285,0.251679407517588
21609,0.128665402552815,0.0535899103029157,0.394869388769902,0.422875298374368
21610,0.272335485994736,0.235383532025998,0.137107248568383,0.355173733410882
21611,0.0645399125395155,0.105276466605936,0.513290376478463,0.316893244376086
21612,0.477447367284606,0.177335698447096,0.238345641660631,0.106871292607667
21613,0.140731528412351,0.12211533850359,0.190323016031414,0.546830117052644
21614,0.136891158604767,0.437815359995541,0.27111065048169,0.154182830918002
21615,0.272353862783524,0.217021189440033,0.127777468143095,0.382847479633348
21616,0.380978859369471,0.125729511456536,0.383105476880419,0.110186152293574
21617,0.290383133190146,0.314445956750746,0.194065068244859,0.201105841814249
21618,0.236154283244039,0.137901613987179,0.161346086926425,0.464598015842357
21619,0.115869310073611,0.0986854982699539,0.143745850447658,0.641699341208777
21620,0.0816961876952994,0.66100262496545,0.112877433300079,0.144423754039171
21621,0.224372991380858,0.276114446326498,0.170820685452938,0.328691876839706
21622,0.17460703685134,0.201911532889189,0.138679804884117,0.484801625375354
21623,0.38747618425251,0.287630431067953,0.152192156152053,0.172701228527484
21624,0.61170499661308,0.128060963540713,0.111342305261174,0.148891734585033
21625,0.149914189440911,0.108149486268523,0.413962912332216,0.32797341195835
21626,0.613776782708223,0.133165147739852,0.091685694855161,0.161372374696764
21627,0.149621500710288,0.226652742610805,0.314792683633887,0.30893307304502
21628,0.0735937279671073,0.664024118712475,0.180064241153006,0.0823179121674118
21629,0.518980351330496,0.121760654524084,0.139009127730402,0.220249866415018
21630,0.176668044284938,0.175311755330191,0.167328343646046,0.480691856738825
21631,0.0873072358880632,0.166413661447667,0.7088578403364,0.0374212623278699
21632,0.123495949791462,0.204581757653881,0.362236996015218,0.309685296539439
21633,0.0948938861003844,0.339545377103641,0.180978998343914,0.38458173845206
21634,0.140436575906951,0.722830675569817,0.0863649623457596,0.0503677861774723
21635,0.112652603744834,0.681769618495107,0.135132902771031,0.0704448749890288
21636,0.649399513122082,0.0803511254319524,0.144329228130019,0.125920133315946
21637,0.484936389440619,0.23207088435777,0.0728916909516647,0.210101035249946
21638,0.183636102504363,0.210935599495874,0.517186108960647,0.0882421890391155
21639,0.224513894082066,0.468192845787202,0.125920676228071,0.181372583902662
21640,0.608035497475019,0.164834652887254,0.137086497284993,0.0900433523527336
21641,0.18867740360341,0.257461986394962,0.467476245184364,0.0863843648172639
21642,0.410151944784001,0.230423091813518,0.149946157941543,0.209478805460938
21643,0.100154543766369,0.325381722171371,0.35346692022622,0.220996813836039
21644,0.319501854627994,0.237067531855503,0.141534036982128,0.301896576534375
21645,0.102645845248336,0.5608117989012,0.153131986992273,0.18341036885819
21646,0.170867257875861,0.354972079934996,0.374848669173379,0.0993119930157628
21647,0.199771925673548,0.182489643466548,0.496816141333771,0.120922289526133
21648,0.354310041614776,0.108508180677211,0.364131013105348,0.173050764602665
21649,0.510938527707257,0.125102209082473,0.309145417465186,0.0548138457450831
21650,0.14769280712575,0.276798329805837,0.456356583116969,0.119152279951444
21651,0.48465562247306,0.0927786359896223,0.141944031506199,0.280621710031119
21652,0.0752009308382964,0.170707299613547,0.219913874602977,0.534177894945179
21653,0.694995526879941,0.126052917123019,0.121068732949369,0.057882823047671
21654,0.650394859239351,0.169683374701346,0.104187675466131,0.0757340905931728
21655,0.342501573583922,0.0854496318734191,0.515209366338648,0.0568394282040106
21656,0.519536962828669,0.143836192425404,0.133803022475463,0.202823822270464
21657,0.549281456678633,0.0964950091212153,0.135193234534608,0.219030299665544
21658,0.541717952896521,0.107368438861677,0.235893337640581,0.11502027060122
21659,0.635355594481417,0.134734915969415,0.0992968381399363,0.130612651409232
21660,0.140234048524214,0.110642128826652,0.305102491630345,0.444021331018789
21661,0.0712764067171872,0.220443857446291,0.219411188516488,0.488868547320034
21662,0.0619765148576637,0.59849146372183,0.0835052121735174,0.256026809246989
21663,0.117140330248332,0.113320484774073,0.614307924267764,0.155231260709831
21664,0.0953994211476742,0.22334287890074,0.127980769974061,0.553276929977525
21665,0.292146738417272,0.177507207615576,0.133597202925414,0.396748851041738
21666,0.111204837917226,0.391884144652365,0.16804333653498,0.328867680895428
21667,0.108179572922505,0.441338618113315,0.122896440290304,0.327585368673876
21668,0.30494203053627,0.145700358019212,0.156676483085961,0.392681128358556
21669,0.154818306117237,0.128532452847817,0.145103022655074,0.571546218379872
21670,0.110634294767055,0.491300657797413,0.108779491872233,0.289285555563299
21671,0.129722120204517,0.32081749307033,0.466970587645451,0.0824897990797014
21672,0.112124503461319,0.164954398118012,0.489287064645552,0.233634033775116
21673,0.398560960740333,0.104086805899014,0.104456497670651,0.392895735690001
21674,0.30059782776693,0.130308334982101,0.214025428574691,0.355068408676278
21675,0.196821583507843,0.14781192399729,0.125796850530911,0.529569641963956
21676,0.126651679298646,0.533191172687114,0.108331759283335,0.231825388730905
21677,0.45417162352738,0.107395850663196,0.273885620601712,0.164546905207712
21678,0.120865336676596,0.537123072640973,0.265875148666762,0.0761364420156691
21679,0.166818640881722,0.349513749317225,0.133960896121946,0.349706713679107
21680,0.134766559980534,0.123958791563409,0.653976155470171,0.0872984929858859
21681,0.175489108915615,0.0982976550030511,0.151187633203021,0.575025602878313
21682,0.28719124783413,0.197754959179728,0.13701784323125,0.378035949754893
21683,0.166771611730324,0.0974310150845537,0.29005836127034,0.445739011914782
21684,0.272820414934494,0.111163726216809,0.162113643009924,0.453902215838772
21685,0.190650811757492,0.148358781500796,0.0923811571973021,0.56860924954441
21686,0.0907943002936988,0.414623201856883,0.191674164261145,0.302908333588273
21687,0.0784261754185431,0.160751887174443,0.381524512402197,0.379297425004817
21688,0.151697879877899,0.131085703201708,0.106773647670094,0.610442769250299
21689,0.0787043028417067,0.679040053886749,0.155465287175524,0.0867903560960195
21690,0.720455242624556,0.101127365920789,0.0859393892026669,0.0924780022519882
21691,0.152605977646726,0.565549787798368,0.0765502394037798,0.205293995151126
21692,0.108246290373022,0.185150869387819,0.594287606899882,0.112315233339277
21693,0.0697455552127474,0.675425012341156,0.118647473786401,0.136181958659695
21694,0.0975441740751305,0.186444441021448,0.169363790231901,0.54664759467152
21695,0.392936778682881,0.331386699844216,0.187200178911775,0.0884763425611273
21696,0.57850701460872,0.13375242186948,0.100797677103943,0.186942886417857
21697,0.470273920603905,0.103458692216995,0.223030738085776,0.203236649093324
21698,0.0981237335341943,0.100793347067705,0.738951670552453,0.0621312488456475
21699,0.128302162697868,0.622771251575727,0.0997874657493081,0.149139119977097
21700,0.30278367014513,0.277706467378109,0.177443504827459,0.242066357649303
21701,0.403963324558064,0.13083051925151,0.132803557628286,0.33240259856214
21702,0.0924263706988702,0.643917735206905,0.0936895212229782,0.169966372871246
21703,0.0997238801241464,0.277368790796244,0.0763155316701263,0.546591797409483
21704,0.118578357712874,0.196537969186661,0.440017452827804,0.24486622027266
21705,0.124871499243633,0.122324079597107,0.320501787193894,0.432302633965366
21706,0.110243118273643,0.390139686421995,0.117643285673267,0.381973909631096
21707,0.103323592009523,0.654812219108988,0.113280066422684,0.128584122458806
21708,0.124074200378016,0.417643935056363,0.070035801792963,0.388246062772658
21709,0.220536269877474,0.125064009737726,0.088501359479697,0.565898360905103
21710,0.375869448626809,0.10161837317789,0.130328193427988,0.392183984767313
21711,0.121871658678577,0.489878889838422,0.144917841683124,0.243331609799877
21712,0.0975739087130386,0.171755157340602,0.113094583574056,0.617576350372304
21713,0.593402982668387,0.0839527055245236,0.114590046338799,0.20805426546829
21714,0.0939601933107479,0.648294711967941,0.0958889988875943,0.161856095833717
21715,0.49908358147452,0.144863856177953,0.133391274371145,0.222661287976383
21716,0.168134693376668,0.140508874791183,0.106875651736851,0.584480780095299
21717,0.169247452402714,0.129108781026587,0.376547019506202,0.325096747064496
21718,0.231948813740206,0.347670986529324,0.21660525063651,0.20377494909396
21719,0.128360844372473,0.225379058638801,0.169490367509601,0.476769729479125
21720,0.274366244338864,0.132543646698929,0.20302738919883,0.390062719763376
21721,0.173085505355787,0.212948010800139,0.350697880422923,0.263268603421151
21722,0.510861371937523,0.123019192621477,0.240044193439046,0.126075242001953
21723,0.149607891466442,0.180447312762279,0.165697149449239,0.50424764632204
21724,0.362014602422013,0.198385339933727,0.214225137929079,0.225374919715182
21725,0.0982937739773204,0.172213578154093,0.227369188829536,0.502123459039051
21726,0.127666227769041,0.355428480525513,0.222247630764768,0.294657660940678
21727,0.17225293738366,0.21255341126943,0.548960057450371,0.0662335938965388
21728,0.186038415183304,0.142656190708305,0.235720738959105,0.435584655149286
21729,0.162014460756406,0.156635693970666,0.207291582608385,0.474058262664543
21730,0.264123483813123,0.101581684282153,0.19682262319984,0.437472208704885
21731,0.267802676033105,0.215052147953861,0.272179152564919,0.244966023448115
21732,0.232501501019906,0.182701927609617,0.157195227318233,0.427601344052245
21733,0.361092843671684,0.324859510160069,0.162975731708331,0.151071914459916
21734,0.197395401907057,0.576868780006489,0.143811220775651,0.0819245973108026
21735,0.16720642600422,0.245024091294458,0.173821547922393,0.41394793477893
21736,0.528540391529453,0.132358267759059,0.21366253975166,0.125438800959828
21737,0.160608745689945,0.126984434886638,0.579087428331785,0.133319391091632
21738,0.304406128269485,0.237186543331158,0.305049361218574,0.153357967180783
21739,0.124157410943682,0.432342583611633,0.326207904682033,0.117292100762653
21740,0.0863402212795026,0.8255973259839,0.0616011098302281,0.0264613429063692
21741,0.100689805097044,0.409576671602274,0.105603517598097,0.384130005702585
21742,0.143857656740935,0.145216415157943,0.555942709224822,0.1549832188763
21743,0.312355560649171,0.321425842402468,0.0674641013282048,0.298754495620156
21744,0.349555283218019,0.144437479774497,0.402618342740322,0.103388894267162
21745,0.210626290976066,0.150037631709546,0.239766095619912,0.399569981694475
21746,0.0782537475113335,0.678590877044762,0.118388819836869,0.124766555607036
21747,0.637649327998328,0.156024217308443,0.130953932249784,0.075372522443445
21748,0.438138630892177,0.276654982595143,0.109005377522059,0.17620100899062
21749,0.107896429020663,0.589764810546148,0.184808005952393,0.117530754480796
21750,0.0539273592530147,0.118698781993717,0.640914483147151,0.186459375606117
21751,0.577469081149023,0.115580037630672,0.267163517234017,0.0397873639862878
21752,0.3229905185577,0.137265347381324,0.0868629342654218,0.452881199795554
21753,0.200665811581972,0.189097711057668,0.239277704560216,0.370958772800144
21754,0.104557892900383,0.554093777771517,0.0649606591624968,0.276387670165603
21755,0.130150661161157,0.205191876597925,0.265565935846106,0.399091526394812
21756,0.119069058892013,0.276404224399129,0.165182010281028,0.43934470642783
21757,0.135730192226147,0.432157814071489,0.0980078407876491,0.334104152914715
21758,0.219726396585069,0.168947372466754,0.199947365772114,0.411378865176064
21759,0.357273198185952,0.363152295144622,0.18194239077152,0.0976321158979066
21760,0.114126365744646,0.106476340717264,0.331028637844638,0.448368655693452
21761,0.131373445162589,0.166181110914663,0.442885033708032,0.259560410214716
21762,0.0974271834416692,0.657594803126263,0.0736557734143242,0.171322240017744
21763,0.462560832801464,0.0658656213057877,0.104001868534647,0.367571677358102
21764,0.147415352580862,0.12413207955752,0.542549622262697,0.185902945598921
21765,0.434647518583593,0.107987542595183,0.151515308272169,0.305849630549055
21766,0.142133006317342,0.213745568657234,0.106107046431083,0.538014378594341
21767,0.137038404187531,0.140073474818417,0.306310027127123,0.416578093866929
21768,0.201009569778005,0.230516035420219,0.395404960631402,0.173069434170374
21769,0.188717437806203,0.1320328760353,0.106405585126239,0.572844101032257
21770,0.137390433339104,0.334207244853078,0.256072087204781,0.272330234603037
21771,0.0978866394276637,0.131978115298122,0.359448670736551,0.410686574537663
21772,0.13182961530284,0.232142585790666,0.237358902657203,0.398668896249291
21773,0.167555806717406,0.477994765546572,0.0814213508800745,0.273028076855947
21774,0.109624904410149,0.093447892088619,0.570213457235363,0.226713746265869
21775,0.15484808916312,0.261805925236937,0.176690732019383,0.40665525358056
21776,0.407975739223717,0.159170420836323,0.145454582290371,0.287399257649589
21777,0.104633119204721,0.0691546558997579,0.403033597930819,0.423178626964702
21778,0.151079283405095,0.140698610235205,0.14268811374097,0.56553399261873
21779,0.263383581380725,0.151567895338431,0.148325416365386,0.436723106915458
21780,0.0941069282374912,0.102176330090071,0.475203277469834,0.328513464202604
21781,0.120918819873984,0.0747076839500521,0.556790045392592,0.247583450783372
21782,0.26615349255208,0.137051193753961,0.432475442625098,0.164319871068861
21783,0.174227430546738,0.130917850158487,0.143218869203751,0.551635850091024
21784,0.51058408408161,0.220355365056654,0.150100231909654,0.118960318952083
21785,0.142620001301565,0.531450451413181,0.274792623397288,0.0511369238879658
21786,0.112930037721691,0.0927398235568512,0.156257545541344,0.638072593180114
21787,0.107098806993446,0.5821161640304,0.11851311527244,0.192271913703714
21788,0.371704770867387,0.176236828225238,0.174989550377037,0.277068850530338
21789,0.12842075891401,0.161244087822616,0.233629181684985,0.476705971578389
21790,0.517621689364478,0.108324223042985,0.118145359641319,0.255908727951218
21791,0.180770474543185,0.109914306464072,0.170550933234352,0.538764285758391
21792,0.133503169867726,0.147971336251354,0.544030294796521,0.1744951990844
21793,0.108596810432796,0.18266265692706,0.551304647322527,0.157435885317617
21794,0.130903824545711,0.561981095174756,0.23471950139898,0.0723955788805534
21795,0.152328976875114,0.110927324411293,0.589537168873802,0.147206529839791
21796,0.242245448591556,0.286622562438893,0.110403078772722,0.360728910196829
21797,0.194941493224122,0.446678093095604,0.196606191902997,0.161774221777278
21798,0.339315045379379,0.123971253939142,0.373837782625765,0.162875918055714
21799,0.119016604506102,0.13308912477523,0.166534037787987,0.581360232930682
21800,0.100964346457655,0.146331161212702,0.227172997507621,0.525531494822021
21801,0.138920124870741,0.179530415734132,0.270577142332834,0.410972317062294
21802,0.0830812941319839,0.201004550308854,0.329364945148061,0.386549210411101
21803,0.139998679974705,0.126378296309381,0.562217659041094,0.17140536467482
21804,0.153566847180006,0.490629093537221,0.170078023590674,0.185726035692098
21805,0.569628598876922,0.102255968188085,0.146567382348127,0.181548050586866
21806,0.111826844621675,0.355126774297405,0.207218887224017,0.325827493856902
21807,0.112084194696034,0.547152068041255,0.130955290193133,0.209808447069578
21808,0.282355729562012,0.14534089759731,0.161959613288979,0.410343759551699
21809,0.458561235278777,0.128560969217642,0.0907893515374096,0.322088443966171
21810,0.615877091266868,0.1236676946235,0.186100959721965,0.0743542543876672
21811,0.235192156407116,0.492019410868425,0.242204011642735,0.0305844210817233
21812,0.164635342811859,0.131902700847464,0.39400513236516,0.309456823975517
21813,0.133372729331323,0.587520683185165,0.142374208008961,0.136732379474551
21814,0.130046983224219,0.155660983305876,0.53856801032698,0.175724023142925
21815,0.185579155224406,0.136191880400154,0.308844935537793,0.369384028837647
21816,0.235188376829683,0.500037585759215,0.109916642574117,0.154857394836984
21817,0.077712643878693,0.095659595387621,0.748626622389267,0.0780011383444185
21818,0.0883159090701563,0.122071683794685,0.254406684955938,0.53520572217922
21819,0.16629817175221,0.156461338489159,0.139914944193605,0.537325545565026
21820,0.572554382995349,0.114242482297213,0.168463006868801,0.144740127838636
21821,0.116216984389412,0.162031968005091,0.575562269212292,0.146188778393205
21822,0.353710229854907,0.458945439798401,0.0857499837898246,0.101594346556867
21823,0.112873871690134,0.408323619733838,0.255674676289244,0.223127832286784
21824,0.124630003966546,0.551717905932314,0.233276421020053,0.0903756690810865
21825,0.0675920419142692,0.374500460134338,0.152748470616169,0.405159027335224
21826,0.326936792171859,0.329552752430228,0.286450564115472,0.0570598912824414
21827,0.0748229840254927,0.123274796699919,0.718798169636409,0.0831040496381786
21828,0.13096886004792,0.484447921760406,0.127057750481798,0.257525467709875
21829,0.0619299066593806,0.18335447635671,0.509771870927711,0.244943746056199
21830,0.119012150453332,0.0889842938336734,0.5697056333014,0.222297922411594
21831,0.194091317008775,0.238885845979575,0.158636788321129,0.408386048690521
21832,0.197295959354059,0.38433358255594,0.151369217378858,0.267001240711143
21833,0.596609886195159,0.140899001675421,0.169723712357085,0.0927673997723353
21834,0.574159514772673,0.146068004593747,0.147011236931773,0.132761243701806
21835,0.14426477761174,0.371804994308635,0.0888106006694268,0.395119627410198
21836,0.128797938348346,0.0682605100777224,0.61769578493107,0.185245766642861
21837,0.130886444992657,0.108523336516228,0.471256639896287,0.289333578594828
21838,0.259219528905489,0.11253966457372,0.446387366746952,0.18185343977384
21839,0.163370030630432,0.46833532563288,0.17328818417406,0.195006459562628
21840,0.629826978784822,0.118692342804705,0.162359085397481,0.0891215930129921
21841,0.5140837215536,0.123026519819855,0.138282489799002,0.224607268827544
21842,0.0980394561065923,0.165946423469849,0.589306574496455,0.146707545927104
21843,0.467548950685466,0.1072402607803,0.12245270721486,0.302758081319374
21844,0.145107276086173,0.513240061933395,0.134931192235298,0.206721469745134
21845,0.26440431995187,0.162720866084606,0.272906586340276,0.299968227623248
21846,0.0941350481458112,0.354471238174674,0.18905630973478,0.362337403944735
21847,0.254528433678237,0.118491666264902,0.460858767770972,0.166121132285889
21848,0.120058235825235,0.153179689638521,0.119298820292014,0.607463254244229
21849,0.451738790984176,0.29259997927417,0.148373029664113,0.107288200077541
21850,0.492296127348386,0.139182537086049,0.120229669631879,0.248291665933686
21851,0.0927251202541979,0.69657782221764,0.0636290296827996,0.147068027845363
21852,0.476215592932082,0.126625267327881,0.178162464913897,0.21899667482614
21853,0.111274229378542,0.0844420169797792,0.582098811372893,0.222184942268786
21854,0.378646840010061,0.117145690198851,0.0842558359699579,0.41995163382113
21855,0.0918427353033781,0.524282707538218,0.0628004372017382,0.321074119956666
21856,0.507407901680871,0.212970902419344,0.188755891097974,0.0908653048018113
21857,0.0479988107502437,0.724385865906286,0.0849152937161174,0.142700029627353
21858,0.506716870800651,0.112047473869318,0.0297337798033543,0.351501875526677
21859,0.320647053003136,0.115202693574156,0.0722929743368469,0.491857279085861
21860,0.504943193344438,0.353374393533934,0.0740918372278328,0.0675905758937948
21861,0.128531786553555,0.0708347230366889,0.701571601135649,0.0990618892741071
21862,0.0688086898318096,0.430748090140798,0.351111584831785,0.149331635195608
21863,0.0751195260405367,0.31851973641163,0.147472739916386,0.458887997631448
21864,0.438553653627208,0.391192809351642,0.0556251642664409,0.11462837275471
21865,0.0873102372156848,0.392910437095555,0.392684336781037,0.127094988907723
21866,0.154209852758904,0.09762175885267,0.659725510229639,0.0884428781587872
21867,0.0658518846625947,0.116217037352405,0.266913718337353,0.551017359647647
21868,0.073151816696078,0.106668655907611,0.629217632676765,0.190961894719545
21869,0.415860941300082,0.0862093453940843,0.125986486145362,0.371943227160472
21870,0.252825441717448,0.210274071792021,0.361765196519415,0.175135289971116
21871,0.650016238813318,0.195719076920829,0.0944690059495236,0.0597956783163297
21872,0.203477391836971,0.439060886458119,0.294991377267546,0.0624703444373642
21873,0.472588649445044,0.252672986231186,0.240726133350977,0.0340122309727942
21874,0.182456492845653,0.652326818905735,0.0930719637248543,0.0721447245237576
21875,0.336443546683594,0.346900301398053,0.198509213928146,0.118146937990207
21876,0.535087855080082,0.20041288100253,0.201761990711908,0.0627372732054811
21877,0.117614430574824,0.418398438377013,0.225221153340506,0.238765977707657
21878,0.286291261835372,0.461725267630513,0.22502552291061,0.0269579476235047
21879,0.257596013764402,0.19380454149721,0.214883198143834,0.333716246594554
21880,0.534172734808308,0.222966150231429,0.203353657875281,0.0395074570849827
21881,0.176077347320174,0.396124547865679,0.175753255948184,0.252044848865963
21882,0.225997124639589,0.278057227856855,0.243505589481,0.252440058022556
21883,0.157992053074007,0.335327056080392,0.184391524843091,0.32228936600251
21884,0.187451411496871,0.518493697321846,0.203553091168206,0.0905018000130765
21885,0.103235952898138,0.510605955709455,0.221513094338214,0.164644997054194
21886,0.210415577315034,0.29843453603481,0.185963663780973,0.305186222869183
21887,0.124342026643124,0.269866873321158,0.469589569407902,0.136201530627817
21888,0.118325387452824,0.39107228424839,0.404684603236466,0.0859177250623205
21889,0.105879100617694,0.192742882230498,0.273690717010201,0.427687300141607
21890,0.165681796432302,0.152109428882469,0.212387964656212,0.469820810029017
21891,0.552200066378246,0.0803801463534153,0.288744415252145,0.0786753720161943
21892,0.109523979310168,0.171727203815173,0.110532651492001,0.608216165382658
21893,0.0941785254176512,0.341481925017057,0.150711765861052,0.41362778370424
21894,0.145853563339714,0.0840327365038386,0.22438528739534,0.545728412761107
21895,0.0648033129470665,0.0885970236993987,0.759621407949821,0.0869782554037134
21896,0.335212454127545,0.113556037542271,0.413145672475661,0.138085835854523
21897,0.178788365330359,0.4358222315434,0.32943510705414,0.0559542960721009
21898,0.198125985561265,0.123406290044986,0.397888533883963,0.280579190509786
21899,0.234825987930911,0.10777440812113,0.564054277964028,0.0933453259839314
21900,0.0801371174165585,0.0771509285570214,0.150284277616623,0.692427676409797
21901,0.14064490612733,0.610085812477187,0.103195651005052,0.146073630390432
21902,0.122787307463703,0.104981748761321,0.596146786588862,0.176084157186114
21903,0.124499827700636,0.0667554027591463,0.63563308550176,0.173111684038458
21904,0.203575029112655,0.112016107314792,0.294582766043759,0.389826097528794
21905,0.089820786782092,0.545632697391135,0.183218947406162,0.181327568420611
21906,0.127535117197579,0.119087911533705,0.118842242985743,0.634534728282974
21907,0.122027674071585,0.341028876189206,0.149662970853782,0.387280478885427
21908,0.229102475767019,0.119178295961491,0.155017964792261,0.496701263479228
21909,0.181448379968349,0.0850390299203543,0.381085881020842,0.352426709090455
21910,0.516746608629579,0.0707589980391463,0.0839829848282385,0.328511408503036
21911,0.14672892146301,0.618856366360147,0.0763066142556437,0.158108097921199
21912,0.148827012781209,0.415042757453036,0.063750600467958,0.372379629297797
21913,0.0968772557721858,0.389790851001857,0.105211265200443,0.408120628025514
21914,0.124709886930639,0.110746915830745,0.0875901253539895,0.676953071884627
21915,0.175135826545007,0.0589595855584975,0.305717149023516,0.46018743887298
21916,0.0643414397475918,0.0701293673181603,0.129745754520221,0.735783438414026
21917,0.126583387836827,0.0973044671745013,0.150936744425572,0.6251754005631
21918,0.0665505289391107,0.0525649319973911,0.695304632075375,0.185579906988123
21919,0.140530666998463,0.0532839310574808,0.699535988875572,0.106649413068485
21920,0.151140500838621,0.162386420509017,0.109685765378359,0.576787313274002
21921,0.0926401229667259,0.646655522189409,0.0732528615696847,0.187451493274181
21922,0.54878260775196,0.10079484594558,0.0545295542773107,0.29589299202515
21923,0.141917651500719,0.0659450816092868,0.149773918368829,0.642363348521165
21924,0.189790592673286,0.0793583135402873,0.127562694583607,0.60328839920282
21925,0.426992861196558,0.118436110784327,0.247059587458106,0.207511440561009
21926,0.318640203628158,0.0674833723021816,0.0709105971931381,0.542965826876523
21927,0.15039484567535,0.122831029529927,0.570585688253011,0.156188436541712
21928,0.125713364870987,0.508633690763299,0.177998923747753,0.187654020617961
21929,0.129146298403987,0.14003468237837,0.118577213290256,0.612241805927387
21930,0.138402355337936,0.259140877521158,0.229193310847767,0.373263456293139
21931,0.143813179322597,0.233542338946263,0.157434133085811,0.465210348645329
21932,0.0920210741729949,0.180113483441346,0.512189448519027,0.215675993866632
21933,0.144685224864924,0.399727748675515,0.122674819529381,0.33291220693018
21934,0.160893931705769,0.321282409857284,0.210218881322416,0.30760477711453
21935,0.111114903993625,0.220426833872175,0.15937474542684,0.50908351670736
21936,0.184439175358865,0.227855946598824,0.248307379734905,0.339397498307406
21937,0.114577297140457,0.141183430464302,0.613190610328779,0.131048662066462
21938,0.114959978029077,0.463119611518688,0.152225842720312,0.269694567731923
21939,0.142684350070533,0.232766938109394,0.159180903195747,0.465367808624327
21940,0.373297694298436,0.203902305847457,0.186952610583834,0.235847389270272
21941,0.177326855686536,0.102122047354761,0.220843657814728,0.499707439143976
21942,0.139407834966479,0.526391853415901,0.195947752293743,0.138252559323876
21943,0.0980562212779317,0.241810056253227,0.184708951590596,0.475424770878245
21944,0.207636980194407,0.364292471127077,0.239373576560568,0.188696972117948
21945,0.112791896545825,0.208946618781653,0.18194096221983,0.496320522452692
21946,0.32661412858561,0.0866967972382856,0.129209636712634,0.45747943746347
21947,0.409012366995047,0.110151661284773,0.0750315296038839,0.405804442116296
21948,0.121438444647772,0.405920783202518,0.172589527702589,0.300051244447121
21949,0.105482568240774,0.178336833140475,0.12490795875525,0.5912726398635
21950,0.0585044585186685,0.261106306301844,0.178745446657728,0.50164378852176
21951,0.150402542400138,0.0872047249204052,0.128656576831653,0.633736155847804
21952,0.173936473024931,0.11439452697329,0.0707746506259631,0.640894349375815
21953,0.248991096171159,0.129384709201202,0.109309464334636,0.512314730293003
21954,0.0721542663306273,0.117911884412957,0.0794322521168706,0.730501597139545
21955,0.307817877037164,0.109259760305472,0.112364896618581,0.470557466038783
21956,0.0820819377664719,0.0674446727398425,0.103062825537625,0.74741056395606
21957,0.407174843827102,0.135623984212921,0.173880393237873,0.283320778722104
21958,0.143986210268226,0.553411121548469,0.0460633930839478,0.256539275099358
21959,0.0754156357360362,0.0942450919321345,0.0738364268526839,0.756502845479145
21960,0.108772918247501,0.259789732868709,0.113199906254928,0.518237442628862
21961,0.114240682769772,0.132267233422052,0.214154119868938,0.539337963939238
21962,0.680918383716756,0.0829269089777569,0.11021779192221,0.125936915383277
21963,0.139716551001878,0.468544110001282,0.15412434851286,0.23761499048398
21964,0.09674791657445,0.132368591855121,0.569929666727761,0.200953824842668
21965,0.18480147607091,0.0702121061083888,0.286048209713004,0.458938208107697
21966,0.105419176597944,0.132536979004887,0.254922983455034,0.507120860942135
21967,0.482096347224989,0.0985780128267731,0.202860403256963,0.216465236691275
21968,0.285157019571291,0.469284671510313,0.131120529192664,0.114437779725731
21969,0.0882337116346765,0.141126604268101,0.164558851114351,0.606080832982871
21970,0.137096749097153,0.137784161129688,0.168100545538154,0.557018544235005
21971,0.285592472293275,0.253926888318538,0.373147237453448,0.0873334019347389
21972,0.401444091759785,0.0998782515496068,0.155735318340038,0.342942338350569
21973,0.43043064907528,0.122708600206775,0.128480295305129,0.318380455412816
21974,0.519896004029719,0.157714083662811,0.101448459881557,0.220941452425913
21975,0.11373127963148,0.11031696369927,0.198449376528981,0.577502380140268
21976,0.372897350695258,0.288801289207798,0.28300760458352,0.0552937555134242
21977,0.153553485494891,0.376221130553938,0.206289433622913,0.263935950328257
21978,0.192675890541445,0.106722969772208,0.238830077553456,0.461771062132891
21979,0.156975666640726,0.283499673702023,0.103190327459556,0.456334332197696
21980,0.149045637506599,0.484519496821768,0.104098398796754,0.262336466874879
21981,0.124544083188879,0.557127124345455,0.187011705485021,0.131317086980644
21982,0.154136314995623,0.230693054535656,0.226536248742412,0.38863438172631
21983,0.104133631195098,0.0996227964148487,0.197105273525436,0.599138298864617
21984,0.0547610634546227,0.205739969853514,0.201979796312602,0.537519170379261
21985,0.052347848138325,0.658042463433945,0.0694927851394846,0.220116903288245
21986,0.107907032668749,0.102976138544449,0.641082626094754,0.148034202692048
21987,0.0632441572662594,0.264268795831563,0.123899966907027,0.54858707999515
21988,0.356045135018486,0.16910005591449,0.10515795406638,0.369696855000645
21989,0.0761131307505643,0.414871265169603,0.140030645020784,0.368984959059049
21990,0.0775727445618923,0.451051113787688,0.112457069145155,0.358919072505265
21991,0.264377980348958,0.150690493518287,0.128756428175972,0.456175097956783
21992,0.130626804246291,0.137083615838606,0.108948511027238,0.623341068887865
21993,0.114120095187412,0.536954721005135,0.0786661023650673,0.270259081442386
21994,0.0983331760594688,0.386343255142321,0.440598332692089,0.074725236106122
21995,0.084719637161367,0.178065223182984,0.469727149333078,0.267487990322571
21996,0.353615042497096,0.11092353994278,0.0724622983067012,0.462999119253423
21997,0.329858566422555,0.122251750423029,0.175278148818198,0.372611534336218
21998,0.188798144419389,0.151712571603828,0.100977345557109,0.558511938419673
21999,0.113026387233741,0.559999152990706,0.0727394258884851,0.254235033887068
22000,0.50969648440155,0.0860528723736271,0.252446486738405,0.151804156486418
22001,0.100366296530324,0.611852075630146,0.217709485448717,0.0700721423908126
22002,0.161480244835265,0.356496218069761,0.0966373301584838,0.38538620693649
22003,0.0753848842303432,0.219564901386524,0.528703198785387,0.176347015597746
22004,0.535651225268564,0.137590559158471,0.0824831292285611,0.244275086344404
22005,0.110410416920917,0.194580238532059,0.207036978686362,0.487972365860661
22006,0.109739889381401,0.218604687980034,0.120930366834266,0.550725055804299
22007,0.148575105083093,0.467063668945092,0.202057777533419,0.182303448438395
22008,0.127371254980404,0.106877502266225,0.43709199724725,0.328659245506121
22009,0.453788889131513,0.145801379438556,0.105837877843949,0.294571853585982
22010,0.0829667068924104,0.483141673808701,0.127731926897539,0.306159692401349
22011,0.158132909423533,0.233088907094186,0.232120656265228,0.376657527217053
22012,0.212159762760274,0.142373384565626,0.139673746651804,0.505793106022296
22013,0.161845942792851,0.18095431454004,0.461355996099321,0.195843746567787
22014,0.107452006173601,0.14913503201912,0.57861402216693,0.164798939640349
22015,0.0631800256412887,0.183796235517648,0.163364419181313,0.589659319659751
22016,0.129066794612217,0.293310112273427,0.0804691162307184,0.497153976883638
22017,0.11542224088026,0.734529791606909,0.0852657291257331,0.0647822383870983
22018,0.199316720933413,0.145588941247081,0.463766904500815,0.191327433318692
22019,0.177340575999874,0.136355562202061,0.142447069215069,0.543856792582996
22020,0.140809469542695,0.190832577709427,0.189284749886371,0.479073202861507
22021,0.157381346467321,0.249968300959371,0.167832460865234,0.424817891708074
22022,0.56101044616967,0.161756832829232,0.0865355886087931,0.190697132392304
22023,0.344908598395918,0.168241683453414,0.219006486942545,0.267843231208123
22024,0.163842448500591,0.133406861186457,0.0896693248437109,0.613081365469241
22025,0.375643741143785,0.153216626275916,0.0999856065482417,0.371154026032058
22026,0.543571966531498,0.0839237199059418,0.149181941436159,0.223322372126401
22027,0.277098915431568,0.127100473442598,0.176535165689534,0.4192654454363
22028,0.222602174165128,0.0763162393376669,0.166257795607312,0.534823790889893
22029,0.0762365204310391,0.106476642760374,0.126451384667382,0.690835452141204
22030,0.534194945978124,0.178578467938528,0.180102118822586,0.107124467260761
22031,0.130360051323484,0.164733878311018,0.116597705326702,0.588308365038796
22032,0.129909658597776,0.12178589543582,0.121360568716562,0.626943877249842
22033,0.135107955074037,0.129216611248832,0.563643747052169,0.172031686624962
22034,0.702353961728608,0.121214755898508,0.0884743469868022,0.0879569353860823
22035,0.187750234571376,0.0643898526577386,0.110315060540457,0.637544852230428
22036,0.388631900426701,0.196089157234914,0.106688191111502,0.308590751226883
22037,0.126505876476825,0.124133064280997,0.112955390351459,0.63640566889072
22038,0.0877323994117412,0.247375453974472,0.160847500053666,0.504044646560121
22039,0.416150593974667,0.253833673204398,0.144066375618946,0.185949357201989
22040,0.254494474838463,0.275340783504788,0.16063517605308,0.30952956560367
22041,0.0985689554884194,0.152571648643282,0.558411898482379,0.190447497385919
22042,0.182341001674713,0.283490271419604,0.258018866858267,0.276149860047416
22043,0.12163285354059,0.579072290180076,0.168139179653675,0.131155676625658
22044,0.117872939783334,0.142153554742122,0.242861600915699,0.497111904558845
22045,0.150983219721265,0.254774709186662,0.132445285171187,0.461796785920886
22046,0.16614368366981,0.212513518383052,0.235655643895352,0.385687154051786
22047,0.182379489716348,0.340874410940098,0.147627245118515,0.329118854225038
22048,0.0877077206379742,0.675767195872774,0.135217275756853,0.101307807732399
22049,0.113688218626335,0.652889220198492,0.130655217309265,0.102767343865907
22050,0.245019005254622,0.372946922556825,0.345707841334771,0.0363262308537819
22051,0.075581182722405,0.19415672098208,0.490283622773128,0.239978473522387
22052,0.182041052832286,0.301319698694118,0.273316519771029,0.243322728702567
22053,0.120588779548225,0.710902808303186,0.109162952183353,0.0593454599652358
22054,0.0776192765117484,0.160405683248217,0.605978714369004,0.15599632587103
22055,0.276389555607327,0.148860468960428,0.494031614753885,0.0807183606783605
22056,0.195050980707838,0.170566323704682,0.514461913115584,0.119920782471896
22057,0.208340216080897,0.206554236103777,0.213437763173611,0.371667784641716
22058,0.246713000775126,0.549262985221916,0.155034044896784,0.0489899691061735
22059,0.13230042365016,0.49370779863681,0.189270172966807,0.184721604746224
22060,0.206805244958986,0.179899329207102,0.100559661535759,0.512735764298154
22061,0.11138256596045,0.146260441126317,0.456159336639795,0.286197656273438
22062,0.133549117067147,0.429480511128838,0.297898445411938,0.139071926392077
22063,0.114639735515496,0.569517472118287,0.222650902926607,0.0931918894396105
22064,0.477832485725659,0.15962246161594,0.142441413644987,0.220103639013414
22065,0.194428318339903,0.152099362981478,0.360622652189498,0.292849666489121
22066,0.343600894390473,0.1484078535843,0.125721866441979,0.382269385583247
22067,0.33253413219547,0.233799509399897,0.116815652306171,0.316850706098461
22068,0.137181517235775,0.640134836090291,0.105118178720146,0.117565467953789
22069,0.150475603265354,0.424742882267294,0.0871986733749408,0.337582841092412
22070,0.297951515108186,0.107802441449618,0.101697358061332,0.492548685380865
22071,0.309350449922777,0.231035246337866,0.0840578425754496,0.375556461163908
22072,0.127057257500705,0.580266498282202,0.193479615507084,0.0991966287100088
22073,0.228214890288638,0.135929496246323,0.228324135457742,0.407531478007297
22074,0.124375602630329,0.622980084080561,0.0795655094156521,0.173078803873458
22075,0.113212022339435,0.170050578173164,0.19324958621477,0.523487813272631
22076,0.665201857689678,0.144013527667888,0.0962595412234444,0.0945250734189894
