"No","Ch1","Ch2","Ch3","Ch4"
21566,0.24,0.178,0.262,0.32
21567,0.12,0.29,0.338,0.252
21568,0.212,0.434,0.15,0.204
21569,0.426,0.15,0.222,0.202
21570,0.138,0.274,0.47,0.118
21571,0.158,0.504,0.148,0.19
21572,0.2,0.166,0.396,0.238
21573,0.212,0.186,0.202,0.4
21574,0.164,0.302,0.34,0.194
21575,0.142,0.154,0.48,0.224
21576,0.248,0.216,0.278,0.258
21577,0.312,0.182,0.388,0.118
21578,0.314,0.262,0.188,0.236
21579,0.144,0.226,0.212,0.418
21580,0.14,0.452,0.15,0.258
21581,0.362,0.204,0.158,0.276
21582,0.13,0.19,0.354,0.326
21583,0.158,0.192,0.2,0.45
21584,0.186,0.276,0.222,0.316
21585,0.364,0.2,0.162,0.274
21586,0.204,0.384,0.192,0.22
21587,0.122,0.498,0.14,0.24
21588,0.13,0.17,0.432,0.268
21589,0.154,0.15,0.428,0.268
21590,0.142,0.15,0.458,0.25
21591,0.124,0.172,0.392,0.312
21592,0.172,0.316,0.116,0.396
21593,0.39,0.222,0.146,0.242
21594,0.16,0.194,0.21,0.436
21595,0.272,0.186,0.126,0.416
21596,0.172,0.56,0.076,0.192
21597,0.27,0.304,0.142,0.284
21598,0.116,0.398,0.284,0.202
21599,0.214,0.31,0.288,0.188
21600,0.158,0.21,0.124,0.508
21601,0.14,0.206,0.234,0.42
21602,0.102,0.402,0.308,0.188
21603,0.33,0.134,0.148,0.388
21604,0.07,0.226,0.422,0.282
21605,0.18,0.074,0.418,0.328
21606,0.2,0.102,0.386,0.312
21607,0.488,0.19,0.068,0.254
21608,0.2,0.446,0.102,0.252
21609,0.1,0.108,0.408,0.384
21610,0.302,0.31,0.104,0.284
21611,0.082,0.182,0.446,0.29
21612,0.554,0.118,0.222,0.106
21613,0.09,0.25,0.36,0.3
21614,0.07,0.348,0.296,0.286
21615,0.228,0.358,0.078,0.336
21616,0.164,0.074,0.584,0.178
21617,0.156,0.294,0.268,0.282
21618,0.222,0.14,0.216,0.422
21619,0.208,0.228,0.13,0.434
21620,0.114,0.582,0.074,0.23
21621,0.158,0.336,0.15,0.356
21622,0.124,0.274,0.186,0.416
21623,0.252,0.36,0.18,0.208
21624,0.396,0.26,0.178,0.166
21625,0.172,0.204,0.368,0.256
21626,0.388,0.234,0.17,0.208
21627,0.192,0.274,0.33,0.204
21628,0.228,0.494,0.126,0.152
21629,0.374,0.224,0.194,0.208
21630,0.17,0.262,0.24,0.328
21631,0.236,0.176,0.456,0.132
21632,0.21,0.25,0.336,0.204
21633,0.152,0.33,0.218,0.3
21634,0.252,0.45,0.162,0.136
21635,0.146,0.536,0.17,0.148
21636,0.368,0.272,0.16,0.2
21637,0.32,0.356,0.134,0.19
21638,0.234,0.338,0.316,0.112
21639,0.248,0.458,0.142,0.152
21640,0.398,0.256,0.192,0.154
21641,0.28,0.298,0.28,0.142
21642,0.404,0.174,0.23,0.192
21643,0.104,0.228,0.472,0.196
21644,0.286,0.276,0.154,0.284
21645,0.156,0.514,0.15,0.18
21646,0.164,0.23,0.408,0.198
21647,0.176,0.178,0.39,0.256
21648,0.254,0.196,0.372,0.178
21649,0.49,0.128,0.244,0.138
21650,0.138,0.278,0.354,0.23
21651,0.454,0.128,0.146,0.272
21652,0.21,0.148,0.222,0.42
21653,0.488,0.192,0.128,0.192
21654,0.602,0.12,0.132,0.146
21655,0.352,0.106,0.408,0.134
21656,0.44,0.132,0.182,0.246
21657,0.452,0.16,0.176,0.212
21658,0.46,0.168,0.19,0.182
21659,0.43,0.15,0.196,0.224
21660,0.17,0.166,0.202,0.462
21661,0.222,0.244,0.188,0.346
21662,0.126,0.538,0.132,0.204
21663,0.102,0.182,0.584,0.132
21664,0.138,0.194,0.284,0.384
21665,0.376,0.248,0.146,0.23
21666,0.106,0.34,0.172,0.382
21667,0.08,0.362,0.166,0.392
21668,0.312,0.26,0.144,0.284
21669,0.202,0.278,0.128,0.392
21670,0.134,0.494,0.096,0.276
21671,0.072,0.45,0.38,0.098
21672,0.114,0.216,0.252,0.418
21673,0.276,0.346,0.108,0.27
21674,0.374,0.15,0.194,0.282
21675,0.332,0.162,0.108,0.398
21676,0.088,0.614,0.136,0.162
21677,0.49,0.114,0.246,0.15
21678,0.158,0.332,0.378,0.132
21679,0.134,0.488,0.07,0.308
21680,0.31,0.108,0.43,0.152
21681,0.332,0.154,0.178,0.336
21682,0.298,0.288,0.152,0.262
21683,0.29,0.152,0.262,0.296
21684,0.28,0.196,0.168,0.356
21685,0.14,0.264,0.142,0.454
21686,0.124,0.41,0.264,0.202
21687,0.2,0.148,0.378,0.274
21688,0.23,0.19,0.192,0.388
21689,0.22,0.47,0.108,0.202
21690,0.474,0.276,0.092,0.158
21691,0.17,0.48,0.126,0.224
21692,0.096,0.268,0.458,0.178
21693,0.138,0.528,0.092,0.242
21694,0.172,0.248,0.132,0.448
21695,0.328,0.296,0.218,0.158
21696,0.42,0.234,0.146,0.2
21697,0.41,0.15,0.248,0.192
21698,0.22,0.12,0.516,0.144
21699,0.376,0.348,0.078,0.198
21700,0.276,0.19,0.166,0.368
21701,0.424,0.14,0.092,0.344
21702,0.154,0.344,0.176,0.326
21703,0.158,0.278,0.136,0.428
21704,0.13,0.224,0.346,0.3
21705,0.154,0.132,0.388,0.326
21706,0.122,0.374,0.126,0.378
21707,0.112,0.47,0.146,0.272
21708,0.084,0.508,0.164,0.244
21709,0.194,0.196,0.104,0.506
21710,0.25,0.146,0.144,0.46
21711,0.094,0.402,0.292,0.212
21712,0.122,0.278,0.108,0.492
21713,0.418,0.202,0.14,0.24
21714,0.102,0.51,0.076,0.312
21715,0.318,0.138,0.236,0.308
21716,0.118,0.164,0.202,0.516
21717,0.178,0.092,0.346,0.384
21718,0.266,0.388,0.08,0.266
21719,0.21,0.2,0.196,0.394
21720,0.396,0.2,0.132,0.272
21721,0.152,0.26,0.414,0.174
21722,0.422,0.182,0.18,0.216
21723,0.198,0.256,0.162,0.384
21724,0.384,0.174,0.204,0.238
21725,0.122,0.274,0.178,0.426
21726,0.108,0.324,0.314,0.254
21727,0.256,0.136,0.424,0.184
21728,0.174,0.152,0.268,0.406
21729,0.252,0.228,0.124,0.396
21730,0.35,0.15,0.14,0.36
21731,0.256,0.162,0.362,0.22
21732,0.266,0.212,0.132,0.39
21733,0.372,0.294,0.146,0.188
21734,0.146,0.522,0.148,0.184
21735,0.224,0.25,0.144,0.382
21736,0.436,0.224,0.128,0.212
21737,0.238,0.182,0.396,0.184
21738,0.282,0.25,0.338,0.13
21739,0.242,0.326,0.298,0.134
21740,0.136,0.436,0.254,0.174
21741,0.152,0.292,0.28,0.276
21742,0.192,0.316,0.284,0.208
21743,0.416,0.2,0.13,0.254
21744,0.376,0.194,0.284,0.146
21745,0.26,0.186,0.27,0.284
21746,0.262,0.366,0.142,0.23
21747,0.344,0.354,0.146,0.156
21748,0.28,0.35,0.19,0.18
21749,0.148,0.366,0.218,0.268
21750,0.156,0.174,0.43,0.24
21751,0.32,0.13,0.39,0.16
21752,0.434,0.148,0.17,0.248
21753,0.268,0.188,0.24,0.304
21754,0.124,0.35,0.176,0.35
21755,0.154,0.208,0.244,0.394
21756,0.13,0.374,0.164,0.332
21757,0.156,0.468,0.084,0.292
21758,0.192,0.346,0.144,0.318
21759,0.346,0.362,0.148,0.144
21760,0.16,0.108,0.328,0.404
21761,0.064,0.17,0.498,0.268
21762,0.096,0.642,0.064,0.198
21763,0.386,0.134,0.1,0.38
21764,0.246,0.084,0.494,0.176
21765,0.4,0.11,0.154,0.336
21766,0.1,0.376,0.118,0.406
21767,0.08,0.24,0.362,0.318
21768,0.116,0.36,0.366,0.158
21769,0.144,0.18,0.108,0.568
21770,0.134,0.332,0.282,0.252
21771,0.098,0.118,0.418,0.366
21772,0.11,0.314,0.318,0.258
21773,0.284,0.32,0.138,0.258
21774,0.064,0.196,0.522,0.218
21775,0.23,0.276,0.228,0.266
21776,0.426,0.186,0.164,0.224
21777,0.14,0.128,0.394,0.338
21778,0.332,0.162,0.13,0.376
21779,0.41,0.172,0.134,0.284
21780,0.182,0.148,0.364,0.306
21781,0.124,0.132,0.514,0.23
21782,0.454,0.134,0.242,0.17
21783,0.286,0.158,0.162,0.394
21784,0.508,0.22,0.126,0.146
21785,0.124,0.506,0.252,0.118
21786,0.188,0.172,0.186,0.454
21787,0.158,0.514,0.098,0.23
21788,0.378,0.218,0.104,0.3
21789,0.118,0.212,0.176,0.494
21790,0.43,0.168,0.14,0.262
21791,0.226,0.192,0.134,0.448
21792,0.126,0.206,0.382,0.286
21793,0.14,0.198,0.474,0.188
21794,0.09,0.342,0.278,0.29
21795,0.326,0.12,0.366,0.188
21796,0.222,0.268,0.262,0.248
21797,0.314,0.34,0.132,0.214
21798,0.446,0.13,0.216,0.208
21799,0.176,0.144,0.184,0.496
21800,0.102,0.128,0.31,0.46
21801,0.164,0.208,0.262,0.366
21802,0.104,0.202,0.38,0.314
21803,0.11,0.116,0.45,0.324
21804,0.318,0.324,0.166,0.192
21805,0.478,0.12,0.156,0.246
21806,0.106,0.396,0.184,0.314
21807,0.126,0.356,0.156,0.362
21808,0.266,0.15,0.164,0.42
21809,0.492,0.138,0.102,0.268
21810,0.508,0.142,0.176,0.174
21811,0.142,0.486,0.238,0.134
21812,0.134,0.126,0.456,0.284
21813,0.212,0.478,0.12,0.19
21814,0.15,0.366,0.284,0.2
21815,0.198,0.158,0.362,0.282
21816,0.238,0.408,0.152,0.202
21817,0.232,0.164,0.45,0.154
21818,0.176,0.172,0.288,0.364
21819,0.17,0.184,0.186,0.46
21820,0.47,0.19,0.138,0.202
21821,0.15,0.168,0.426,0.256
21822,0.322,0.402,0.106,0.17
21823,0.124,0.298,0.374,0.204
21824,0.136,0.436,0.276,0.152
21825,0.128,0.322,0.136,0.414
21826,0.202,0.382,0.284,0.132
21827,0.118,0.188,0.506,0.188
21828,0.118,0.474,0.12,0.288
21829,0.154,0.208,0.464,0.174
21830,0.208,0.188,0.304,0.3
21831,0.264,0.218,0.148,0.37
21832,0.212,0.376,0.116,0.296
21833,0.452,0.134,0.242,0.172
21834,0.45,0.18,0.2,0.17
21835,0.164,0.31,0.21,0.316
21836,0.126,0.14,0.474,0.26
21837,0.16,0.158,0.276,0.406
21838,0.172,0.164,0.462,0.202
21839,0.116,0.434,0.17,0.28
21840,0.362,0.216,0.214,0.208
21841,0.326,0.194,0.22,0.26
21842,0.138,0.208,0.472,0.182
21843,0.324,0.15,0.224,0.302
21844,0.132,0.41,0.242,0.216
21845,0.22,0.18,0.242,0.358
21846,0.164,0.376,0.184,0.276
21847,0.386,0.118,0.252,0.244
21848,0.172,0.214,0.18,0.434
21849,0.356,0.38,0.106,0.158
21850,0.384,0.188,0.156,0.272
21851,0.166,0.524,0.104,0.206
21852,0.366,0.216,0.156,0.262
21853,0.13,0.192,0.434,0.244
21854,0.388,0.144,0.184,0.284
21855,0.128,0.27,0.158,0.444
21856,0.452,0.164,0.24,0.144
21857,0.13,0.342,0.134,0.394
21858,0.476,0.18,0.1,0.244
21859,0.404,0.124,0.162,0.31
21860,0.464,0.22,0.118,0.198
21861,0.11,0.2,0.5,0.19
21862,0.092,0.504,0.192,0.212
21863,0.098,0.332,0.18,0.39
21864,0.262,0.432,0.116,0.19
21865,0.118,0.3,0.406,0.176
21866,0.174,0.138,0.46,0.228
21867,0.14,0.112,0.184,0.564
21868,0.108,0.148,0.33,0.414
21869,0.29,0.128,0.142,0.44
21870,0.178,0.198,0.316,0.308
21871,0.516,0.166,0.108,0.21
21872,0.07,0.4,0.28,0.25
21873,0.386,0.306,0.194,0.114
21874,0.128,0.496,0.188,0.188
21875,0.338,0.334,0.118,0.21
21876,0.582,0.146,0.124,0.148
21877,0.132,0.346,0.15,0.372
21878,0.382,0.43,0.088,0.1
21879,0.202,0.242,0.136,0.42
21880,0.494,0.144,0.24,0.122
21881,0.118,0.29,0.232,0.36
21882,0.174,0.194,0.202,0.43
21883,0.138,0.298,0.23,0.334
21884,0.214,0.432,0.076,0.278
21885,0.108,0.374,0.102,0.416
21886,0.218,0.196,0.114,0.472
21887,0.2,0.112,0.392,0.296
21888,0.088,0.208,0.45,0.254
21889,0.186,0.258,0.236,0.32
21890,0.264,0.188,0.188,0.36
21891,0.342,0.182,0.278,0.198
21892,0.15,0.292,0.182,0.376
21893,0.206,0.288,0.164,0.342
21894,0.158,0.174,0.284,0.384
21895,0.108,0.172,0.492,0.228
21896,0.32,0.182,0.286,0.212
21897,0.17,0.336,0.344,0.15
21898,0.184,0.244,0.286,0.286
21899,0.208,0.188,0.402,0.202
21900,0.162,0.194,0.184,0.46
21901,0.146,0.408,0.166,0.28
21902,0.144,0.246,0.358,0.252
21903,0.15,0.158,0.392,0.3
21904,0.194,0.158,0.29,0.358
21905,0.148,0.328,0.23,0.294
21906,0.122,0.222,0.182,0.474
21907,0.148,0.306,0.19,0.356
21908,0.344,0.246,0.2,0.21
21909,0.218,0.136,0.336,0.31
21910,0.368,0.214,0.158,0.26
21911,0.288,0.428,0.136,0.148
21912,0.218,0.426,0.114,0.242
21913,0.164,0.306,0.186,0.344
21914,0.136,0.144,0.202,0.518
21915,0.174,0.212,0.32,0.294
21916,0.182,0.148,0.214,0.456
21917,0.148,0.194,0.168,0.49
21918,0.13,0.132,0.51,0.228
21919,0.232,0.15,0.49,0.128
21920,0.156,0.254,0.152,0.438
21921,0.122,0.576,0.09,0.212
21922,0.378,0.246,0.118,0.258
21923,0.162,0.138,0.182,0.518
21924,0.184,0.158,0.196,0.462
21925,0.368,0.224,0.186,0.222
21926,0.286,0.158,0.126,0.43
21927,0.14,0.16,0.384,0.316
21928,0.158,0.42,0.14,0.282
21929,0.142,0.116,0.182,0.56
21930,0.116,0.216,0.216,0.452
21931,0.134,0.198,0.208,0.46
21932,0.12,0.124,0.406,0.35
21933,0.124,0.266,0.128,0.482
21934,0.136,0.284,0.158,0.422
21935,0.168,0.17,0.182,0.48
21936,0.206,0.184,0.16,0.45
21937,0.13,0.136,0.376,0.358
21938,0.13,0.286,0.148,0.436
21939,0.108,0.22,0.154,0.518
21940,0.322,0.228,0.1,0.35
21941,0.136,0.134,0.272,0.458
21942,0.166,0.364,0.206,0.264
21943,0.128,0.244,0.132,0.496
21944,0.1,0.4,0.238,0.262
21945,0.124,0.222,0.162,0.492
21946,0.288,0.24,0.202,0.27
21947,0.376,0.226,0.122,0.276
21948,0.138,0.43,0.244,0.188
21949,0.146,0.318,0.194,0.342
21950,0.134,0.39,0.148,0.328
21951,0.132,0.234,0.304,0.33
21952,0.274,0.184,0.104,0.438
21953,0.258,0.3,0.166,0.276
21954,0.182,0.176,0.202,0.44
21955,0.338,0.156,0.208,0.298
21956,0.142,0.188,0.18,0.49
21957,0.304,0.168,0.264,0.264
21958,0.1,0.576,0.148,0.176
21959,0.162,0.222,0.164,0.452
21960,0.126,0.416,0.13,0.328
21961,0.22,0.16,0.372,0.248
21962,0.456,0.178,0.12,0.246
21963,0.098,0.414,0.322,0.166
21964,0.17,0.116,0.486,0.228
21965,0.118,0.164,0.294,0.424
21966,0.18,0.15,0.252,0.418
21967,0.32,0.128,0.274,0.278
21968,0.29,0.424,0.1,0.186
21969,0.112,0.176,0.194,0.518
21970,0.232,0.28,0.118,0.37
21971,0.15,0.226,0.492,0.132
21972,0.23,0.17,0.132,0.468
21973,0.392,0.166,0.094,0.348
21974,0.336,0.2,0.148,0.316
21975,0.122,0.144,0.244,0.49
21976,0.274,0.228,0.364,0.134
21977,0.116,0.282,0.188,0.414
21978,0.2,0.094,0.196,0.51
21979,0.206,0.202,0.1,0.492
21980,0.088,0.464,0.116,0.332
21981,0.128,0.348,0.18,0.344
21982,0.138,0.164,0.222,0.476
21983,0.108,0.124,0.256,0.512
21984,0.21,0.214,0.22,0.356
21985,0.122,0.586,0.118,0.174
21986,0.128,0.18,0.57,0.122
21987,0.152,0.202,0.226,0.42
21988,0.316,0.194,0.16,0.33
21989,0.1,0.268,0.188,0.444
21990,0.076,0.31,0.172,0.442
21991,0.258,0.208,0.14,0.394
21992,0.154,0.268,0.146,0.432
21993,0.12,0.438,0.126,0.316
21994,0.122,0.376,0.368,0.134
21995,0.132,0.184,0.244,0.44
21996,0.276,0.24,0.118,0.366
21997,0.272,0.124,0.24,0.364
21998,0.204,0.184,0.132,0.48
21999,0.098,0.614,0.152,0.136
22000,0.528,0.094,0.252,0.126
22001,0.138,0.43,0.28,0.152
22002,0.142,0.35,0.108,0.4
22003,0.082,0.246,0.494,0.178
22004,0.368,0.264,0.134,0.234
22005,0.28,0.124,0.298,0.298
22006,0.112,0.254,0.24,0.394
22007,0.23,0.456,0.122,0.192
22008,0.092,0.25,0.404,0.254
22009,0.316,0.144,0.298,0.242
22010,0.142,0.408,0.134,0.316
22011,0.096,0.316,0.306,0.282
22012,0.224,0.202,0.222,0.352
22013,0.204,0.18,0.412,0.204
22014,0.126,0.152,0.532,0.19
22015,0.158,0.172,0.338,0.332
22016,0.124,0.336,0.216,0.324
22017,0.098,0.558,0.18,0.164
22018,0.226,0.208,0.298,0.268
22019,0.296,0.118,0.264,0.322
22020,0.182,0.2,0.308,0.31
22021,0.164,0.24,0.246,0.35
22022,0.34,0.182,0.16,0.318
22023,0.262,0.192,0.298,0.248
22024,0.204,0.14,0.188,0.468
22025,0.334,0.188,0.142,0.336
22026,0.47,0.172,0.128,0.23
22027,0.286,0.194,0.138,0.382
22028,0.312,0.184,0.12,0.384
22029,0.188,0.188,0.162,0.462
22030,0.336,0.12,0.346,0.198
22031,0.17,0.182,0.1,0.548
22032,0.186,0.24,0.16,0.414
22033,0.124,0.152,0.534,0.19
22034,0.466,0.166,0.14,0.228
22035,0.202,0.162,0.156,0.48
22036,0.384,0.208,0.126,0.282
22037,0.164,0.246,0.11,0.48
22038,0.166,0.208,0.122,0.504
22039,0.304,0.25,0.15,0.296
22040,0.246,0.288,0.144,0.322
22041,0.274,0.096,0.444,0.186
22042,0.264,0.22,0.336,0.18
22043,0.216,0.47,0.126,0.188
22044,0.25,0.18,0.294,0.276
22045,0.116,0.394,0.238,0.252
22046,0.23,0.214,0.256,0.3
22047,0.198,0.248,0.248,0.306
22048,0.15,0.568,0.104,0.178
22049,0.18,0.404,0.11,0.306
22050,0.206,0.402,0.27,0.122
22051,0.22,0.134,0.488,0.158
22052,0.138,0.39,0.274,0.198
22053,0.106,0.516,0.17,0.208
22054,0.126,0.17,0.566,0.138
22055,0.246,0.316,0.326,0.112
22056,0.198,0.208,0.458,0.136
22057,0.324,0.186,0.182,0.308
22058,0.266,0.43,0.128,0.176
22059,0.328,0.4,0.098,0.174
22060,0.26,0.19,0.142,0.408
22061,0.12,0.158,0.45,0.272
22062,0.086,0.226,0.566,0.122
22063,0.084,0.532,0.208,0.176
22064,0.56,0.132,0.122,0.186
22065,0.092,0.174,0.452,0.282
22066,0.318,0.18,0.178,0.324
22067,0.404,0.206,0.1,0.29
22068,0.156,0.608,0.072,0.164
22069,0.114,0.384,0.106,0.396
22070,0.23,0.138,0.1,0.532
22071,0.274,0.178,0.106,0.442
22072,0.066,0.564,0.246,0.124
22073,0.17,0.146,0.256,0.428
22074,0.1,0.578,0.138,0.184
22075,0.132,0.232,0.154,0.482
22076,0.564,0.138,0.106,0.192
22077,0.172,0.104,0.104,0.62
22078,0.246,0.178,0.124,0.452
22079,0.394,0.132,0.116,0.358
22080,0.11,0.154,0.428,0.308
22081,0.106,0.516,0.126,0.252
22082,0.442,0.174,0.142,0.242
22083,0.108,0.51,0.1,0.282
22084,0.18,0.156,0.112,0.552
22085,0.248,0.112,0.17,0.47
22086,0.11,0.29,0.116,0.484
22087,0.104,0.132,0.23,0.534
22088,0.128,0.228,0.15,0.494
22089,0.07,0.45,0.152,0.328
22090,0.116,0.15,0.228,0.506
22091,0.088,0.138,0.524,0.25
22092,0.39,0.242,0.08,0.288
22093,0.112,0.184,0.398,0.306
22094,0.134,0.124,0.28,0.462
22095,0.114,0.18,0.158,0.548
22096,0.148,0.102,0.466,0.284
22097,0.384,0.114,0.096,0.406
22098,0.266,0.176,0.392,0.166
22099,0.19,0.34,0.16,0.31
22100,0.138,0.204,0.476,0.182
22101,0.354,0.26,0.156,0.23
22102,0.154,0.326,0.18,0.34
22103,0.318,0.224,0.162,0.296
22104,0.276,0.31,0.11,0.304
22105,0.12,0.3,0.164,0.416
22106,0.412,0.188,0.15,0.25
22107,0.128,0.176,0.444,0.252
22108,0.262,0.242,0.206,0.29
22109,0.236,0.41,0.134,0.22
22110,0.144,0.192,0.172,0.492
22111,0.346,0.154,0.2,0.3
22112,0.072,0.278,0.398,0.252
22113,0.142,0.416,0.142,0.3
22114,0.186,0.178,0.178,0.458
22115,0.234,0.206,0.18,0.38
22116,0.122,0.226,0.408,0.244
22117,0.198,0.204,0.394,0.204
22118,0.444,0.142,0.132,0.282
22119,0.146,0.49,0.112,0.252
22120,0.138,0.132,0.45,0.28
22121,0.154,0.21,0.162,0.474
22122,0.144,0.216,0.486,0.154
22123,0.096,0.492,0.152,0.26
22124,0.108,0.262,0.284,0.346
22125,0.212,0.138,0.174,0.476
22126,0.162,0.142,0.184,0.512
22127,0.528,0.104,0.142,0.226
22128,0.386,0.202,0.19,0.222
22129,0.136,0.132,0.156,0.576
22130,0.126,0.276,0.414,0.184
22131,0.492,0.13,0.156,0.222
22132,0.148,0.258,0.312,0.282
22133,0.074,0.126,0.552,0.248
22134,0.228,0.134,0.172,0.466
22135,0.494,0.116,0.092,0.298
22136,0.124,0.366,0.052,0.458
22137,0.188,0.318,0.184,0.31
22138,0.142,0.412,0.082,0.364
22139,0.134,0.26,0.284,0.322
22140,0.07,0.076,0.506,0.348
22141,0.07,0.28,0.346,0.304
22142,0.22,0.09,0.404,0.286
22143,0.068,0.382,0.212,0.338
22144,0.06,0.12,0.612,0.208
22145,0.104,0.092,0.374,0.43
22146,0.12,0.066,0.504,0.31
22147,0.284,0.086,0.206,0.424
22148,0.448,0.082,0.066,0.404
22149,0.066,0.458,0.074,0.402
22150,0.174,0.084,0.478,0.264
22151,0.094,0.05,0.488,0.368
22152,0.14,0.078,0.074,0.708
22153,0.042,0.416,0.382,0.16
22154,0.052,0.524,0.05,0.374
22155,0.128,0.224,0.242,0.406
22156,0.086,0.462,0.17,0.282
22157,0.104,0.398,0.33,0.168
22158,0.118,0.248,0.14,0.494
22159,0.108,0.276,0.454,0.162
22160,0.148,0.25,0.1,0.502
22161,0.128,0.364,0.202,0.306
22162,0.096,0.226,0.388,0.29
22163,0.332,0.134,0.13,0.404
22164,0.096,0.12,0.482,0.302
22165,0.094,0.482,0.118,0.306
22166,0.404,0.404,0.076,0.116
22167,0.386,0.266,0.188,0.16
22168,0.152,0.142,0.418,0.288
22169,0.334,0.118,0.168,0.38
22170,0.092,0.254,0.488,0.166
22171,0.088,0.288,0.312,0.312
22172,0.18,0.178,0.192,0.45
22173,0.126,0.544,0.086,0.244
22174,0.432,0.15,0.142,0.276
22175,0.142,0.348,0.144,0.366
22176,0.252,0.154,0.194,0.4
22177,0.204,0.136,0.15,0.51
22178,0.266,0.308,0.158,0.268
22179,0.126,0.302,0.124,0.448
22180,0.26,0.152,0.372,0.216
22181,0.1,0.486,0.142,0.272
22182,0.416,0.1,0.228,0.256
22183,0.174,0.474,0.122,0.23
22184,0.212,0.132,0.13,0.526
22185,0.22,0.246,0.084,0.45
22186,0.118,0.448,0.104,0.33
22187,0.152,0.216,0.128,0.504
22188,0.24,0.232,0.214,0.314
22189,0.186,0.098,0.332,0.384
22190,0.142,0.354,0.14,0.364
22191,0.188,0.156,0.39,0.266
22192,0.136,0.15,0.198,0.516
22193,0.126,0.206,0.192,0.476
22194,0.276,0.196,0.126,0.402
22195,0.242,0.418,0.216,0.124
22196,0.208,0.186,0.156,0.45
22197,0.138,0.424,0.152,0.286
22198,0.146,0.158,0.138,0.558
22199,0.45,0.158,0.134,0.258
22200,0.468,0.07,0.126,0.336
22201,0.1,0.536,0.14,0.224
22202,0.428,0.26,0.106,0.206
22203,0.504,0.198,0.1,0.198
22204,0.162,0.246,0.078,0.514
22205,0.232,0.158,0.224,0.386
22206,0.126,0.144,0.318,0.412
22207,0.12,0.122,0.244,0.514
22208,0.298,0.26,0.142,0.3
22209,0.174,0.162,0.148,0.516
22210,0.12,0.186,0.138,0.556
22211,0.154,0.276,0.134,0.436
22212,0.114,0.332,0.344,0.21
22213,0.14,0.22,0.208,0.432
22214,0.146,0.214,0.284,0.356
22215,0.138,0.228,0.432,0.202
22216,0.43,0.16,0.16,0.25
22217,0.142,0.168,0.402,0.288
22218,0.15,0.206,0.142,0.502
22219,0.306,0.134,0.14,0.42
22220,0.598,0.112,0.118,0.172
22221,0.158,0.164,0.154,0.524
22222,0.428,0.158,0.214,0.2
22223,0.214,0.254,0.14,0.392
22224,0.176,0.192,0.184,0.448
22225,0.48,0.192,0.152,0.176
22226,0.142,0.096,0.49,0.272
22227,0.398,0.174,0.186,0.242
22228,0.1,0.512,0.128,0.26
22229,0.208,0.316,0.132,0.344
22230,0.206,0.158,0.426,0.21
22231,0.498,0.158,0.138,0.206
22232,0.336,0.24,0.106,0.318
22233,0.136,0.16,0.302,0.402
22234,0.238,0.4,0.13,0.232
22235,0.302,0.152,0.148,0.398
22236,0.51,0.134,0.138,0.218
22237,0.26,0.18,0.172,0.388
22238,0.11,0.158,0.456,0.276
22239,0.134,0.508,0.134,0.224
22240,0.116,0.294,0.19,0.4
22241,0.21,0.236,0.178,0.376
22242,0.396,0.178,0.098,0.328
22243,0.118,0.5,0.102,0.28
22244,0.246,0.428,0.118,0.208
22245,0.382,0.14,0.104,0.374
22246,0.12,0.43,0.106,0.344
22247,0.118,0.184,0.412,0.286
22248,0.392,0.088,0.37,0.15
22249,0.096,0.186,0.268,0.45
22250,0.368,0.132,0.158,0.342
22251,0.102,0.118,0.32,0.46
22252,0.142,0.134,0.402,0.322
22253,0.176,0.394,0.086,0.344
22254,0.104,0.134,0.294,0.468
22255,0.122,0.104,0.206,0.568
22256,0.228,0.134,0.182,0.456
22257,0.386,0.122,0.174,0.318
22258,0.08,0.336,0.258,0.326
22259,0.228,0.126,0.114,0.532
22260,0.106,0.124,0.186,0.584
22261,0.098,0.09,0.362,0.45
22262,0.316,0.186,0.118,0.38
22263,0.128,0.196,0.118,0.558
22264,0.326,0.208,0.092,0.374
22265,0.208,0.142,0.422,0.228
22266,0.142,0.118,0.214,0.526
22267,0.11,0.104,0.338,0.448
22268,0.194,0.186,0.118,0.502
22269,0.232,0.466,0.1,0.202
22270,0.208,0.194,0.304,0.294
22271,0.1,0.232,0.436,0.232
22272,0.21,0.404,0.11,0.276
22273,0.256,0.292,0.224,0.228
22274,0.248,0.408,0.106,0.238
22275,0.112,0.48,0.184,0.224
22276,0.17,0.266,0.292,0.272
22277,0.26,0.172,0.408,0.16
22278,0.114,0.244,0.318,0.324
22279,0.422,0.212,0.148,0.218
22280,0.262,0.182,0.194,0.362
22281,0.556,0.108,0.134,0.202
22282,0.094,0.362,0.392,0.152
22283,0.148,0.2,0.268,0.384
22284,0.268,0.162,0.426,0.144
22285,0.126,0.336,0.138,0.4
22286,0.152,0.14,0.364,0.344
22287,0.336,0.232,0.126,0.306
22288,0.318,0.234,0.234,0.214
22289,0.164,0.452,0.182,0.202
22290,0.306,0.184,0.322,0.188
22291,0.474,0.19,0.172,0.164
22292,0.378,0.2,0.182,0.24
22293,0.226,0.378,0.158,0.238
22294,0.252,0.26,0.222,0.266
22295,0.258,0.234,0.362,0.146
22296,0.226,0.252,0.216,0.306
22297,0.206,0.25,0.332,0.212
22298,0.176,0.25,0.408,0.166
22299,0.176,0.444,0.166,0.214
22300,0.444,0.208,0.112,0.236
22301,0.166,0.222,0.46,0.152
22302,0.21,0.392,0.158,0.24
22303,0.3,0.242,0.226,0.232
22304,0.214,0.432,0.164,0.19
22305,0.16,0.332,0.23,0.278
22306,0.256,0.186,0.352,0.206
22307,0.194,0.268,0.17,0.368
22308,0.15,0.278,0.238,0.334
22309,0.292,0.158,0.14,0.41
22310,0.256,0.14,0.19,0.414
22311,0.174,0.374,0.144,0.308
22312,0.47,0.136,0.132,0.262
22313,0.378,0.214,0.144,0.264
22314,0.236,0.304,0.226,0.234
22315,0.22,0.226,0.154,0.4
22316,0.128,0.392,0.138,0.342
22317,0.166,0.326,0.204,0.304
22318,0.158,0.134,0.448,0.26
22319,0.296,0.266,0.126,0.312
22320,0.114,0.292,0.394,0.2
22321,0.206,0.156,0.184,0.454
22322,0.114,0.162,0.374,0.35
22323,0.156,0.272,0.178,0.394
22324,0.132,0.336,0.308,0.224
22325,0.196,0.23,0.154,0.42
22326,0.344,0.112,0.204,0.34
22327,0.36,0.194,0.28,0.166
22328,0.214,0.156,0.29,0.34
22329,0.216,0.18,0.162,0.442
22330,0.146,0.166,0.344,0.344
22331,0.184,0.204,0.114,0.498
22332,0.184,0.152,0.214,0.45
22333,0.43,0.126,0.264,0.18
22334,0.136,0.108,0.378,0.378
22335,0.278,0.258,0.19,0.274
22336,0.388,0.21,0.192,0.21
22337,0.162,0.308,0.24,0.29
22338,0.154,0.232,0.15,0.464
22339,0.168,0.16,0.416,0.256
22340,0.164,0.278,0.13,0.428
22341,0.182,0.146,0.164,0.508
22342,0.212,0.194,0.328,0.266
22343,0.198,0.43,0.146,0.226
22344,0.14,0.286,0.386,0.188
22345,0.47,0.156,0.172,0.202
22346,0.354,0.162,0.194,0.29
22347,0.134,0.298,0.342,0.226
22348,0.13,0.248,0.43,0.192
22349,0.25,0.312,0.278,0.16
22350,0.294,0.22,0.336,0.15
22351,0.226,0.22,0.36,0.194
22352,0.48,0.142,0.19,0.188
22353,0.166,0.182,0.368,0.284
22354,0.15,0.44,0.182,0.228
22355,0.222,0.256,0.254,0.268
22356,0.116,0.17,0.482,0.232
22357,0.158,0.472,0.176,0.194
22358,0.432,0.178,0.196,0.194
22359,0.246,0.34,0.264,0.15
22360,0.178,0.438,0.146,0.238
22361,0.262,0.244,0.178,0.316
22362,0.224,0.204,0.312,0.26
22363,0.176,0.184,0.286,0.354
22364,0.268,0.226,0.256,0.25
22365,0.236,0.282,0.186,0.296
22366,0.284,0.246,0.332,0.138
22367,0.41,0.176,0.162,0.252
22368,0.286,0.388,0.124,0.202
22369,0.168,0.512,0.146,0.174
22370,0.192,0.338,0.166,0.304
22371,0.434,0.148,0.128,0.29
22372,0.416,0.31,0.096,0.178
22373,0.346,0.138,0.144,0.372
22374,0.236,0.508,0.08,0.176
22375,0.124,0.602,0.092,0.182
22376,0.288,0.146,0.114,0.452
22377,0.284,0.248,0.16,0.308
22378,0.208,0.124,0.506,0.162
22379,0.34,0.352,0.086,0.222
22380,0.15,0.182,0.278,0.39
22381,0.134,0.444,0.1,0.322
22382,0.112,0.396,0.132,0.36
22383,0.236,0.168,0.256,0.34
22384,0.13,0.488,0.18,0.202
22385,0.26,0.178,0.292,0.27
22386,0.23,0.382,0.268,0.12
22387,0.206,0.18,0.226,0.388
22388,0.336,0.176,0.174,0.314
22389,0.128,0.29,0.312,0.27
22390,0.222,0.198,0.152,0.428
22391,0.314,0.14,0.204,0.342
22392,0.182,0.266,0.146,0.406
22393,0.112,0.218,0.38,0.29
22394,0.124,0.28,0.194,0.402
22395,0.296,0.24,0.142,0.322
22396,0.16,0.178,0.246,0.416
22397,0.414,0.214,0.118,0.254
22398,0.2,0.196,0.332,0.272
22399,0.116,0.148,0.516,0.22
22400,0.106,0.126,0.578,0.19
22401,0.556,0.14,0.094,0.21
22402,0.196,0.28,0.26,0.264
22403,0.186,0.202,0.248,0.364
22404,0.394,0.136,0.318,0.152
22405,0.13,0.292,0.172,0.406
22406,0.106,0.398,0.158,0.338
22407,0.176,0.118,0.304,0.402
22408,0.086,0.124,0.616,0.174
22409,0.294,0.182,0.332,0.192
22410,0.18,0.352,0.312,0.156
22411,0.152,0.296,0.362,0.19
22412,0.164,0.21,0.456,0.17
22413,0.156,0.15,0.2,0.494
22414,0.166,0.51,0.108,0.216
22415,0.092,0.24,0.476,0.192
22416,0.106,0.214,0.472,0.208
22417,0.232,0.136,0.304,0.328
22418,0.094,0.482,0.192,0.232
22419,0.116,0.278,0.166,0.44
22420,0.12,0.348,0.186,0.346
22421,0.366,0.122,0.34,0.172
22422,0.172,0.28,0.152,0.396
22423,0.142,0.182,0.522,0.154
22424,0.482,0.164,0.12,0.234
22425,0.174,0.284,0.152,0.39
22426,0.316,0.194,0.166,0.324
22427,0.31,0.3,0.148,0.242
22428,0.122,0.218,0.168,0.492
22429,0.486,0.132,0.158,0.224
22430,0.17,0.164,0.44,0.226
22431,0.224,0.176,0.202,0.398
22432,0.238,0.398,0.172,0.192
22433,0.14,0.198,0.142,0.52
22434,0.31,0.152,0.148,0.39
22435,0.126,0.216,0.404,0.254
22436,0.11,0.438,0.112,0.34
22437,0.188,0.172,0.138,0.502
22438,0.152,0.178,0.166,0.504
22439,0.116,0.178,0.438,0.268
22440,0.174,0.338,0.29,0.198
22441,0.3,0.23,0.338,0.132
22442,0.202,0.296,0.352,0.15
22443,0.152,0.448,0.204,0.196
22444,0.222,0.254,0.346,0.178
22445,0.156,0.414,0.246,0.184
22446,0.164,0.268,0.48,0.088
22447,0.314,0.324,0.194,0.168
22448,0.168,0.314,0.4,0.118
22449,0.178,0.456,0.182,0.184
22450,0.204,0.28,0.246,0.27
22451,0.174,0.416,0.274,0.136
22452,0.17,0.368,0.232,0.23
22453,0.228,0.288,0.254,0.23
22454,0.258,0.406,0.186,0.15
22455,0.314,0.31,0.186,0.19
22456,0.242,0.274,0.242,0.242
22457,0.208,0.344,0.304,0.144
22458,0.156,0.314,0.27,0.26
22459,0.22,0.364,0.27,0.146
22460,0.202,0.218,0.388,0.192
22461,0.274,0.202,0.268,0.256
22462,0.316,0.234,0.202,0.248
22463,0.13,0.372,0.188,0.31
22464,0.232,0.272,0.22,0.276
22465,0.33,0.36,0.148,0.162
22466,0.198,0.286,0.182,0.334
22467,0.258,0.35,0.218,0.174
22468,0.25,0.218,0.246,0.286
22469,0.314,0.258,0.214,0.214
22470,0.288,0.362,0.114,0.236
22471,0.434,0.222,0.152,0.192
22472,0.136,0.296,0.338,0.23
22473,0.318,0.254,0.232,0.196
22474,0.388,0.188,0.256,0.168
22475,0.24,0.41,0.128,0.222
22476,0.168,0.166,0.33,0.336
22477,0.174,0.236,0.334,0.256
22478,0.13,0.116,0.368,0.386
22479,0.224,0.176,0.158,0.442
22480,0.1,0.282,0.324,0.294
22481,0.144,0.238,0.158,0.46
22482,0.202,0.206,0.144,0.448
22483,0.188,0.192,0.152,0.468
22484,0.224,0.294,0.09,0.392
22485,0.124,0.358,0.134,0.384
22486,0.118,0.18,0.368,0.334
22487,0.148,0.124,0.278,0.45
22488,0.116,0.122,0.378,0.384
22489,0.25,0.144,0.274,0.332
22490,0.12,0.388,0.112,0.38
22491,0.104,0.424,0.134,0.338
22492,0.09,0.266,0.268,0.376
22493,0.14,0.364,0.312,0.184
22494,0.162,0.14,0.282,0.416
22495,0.1,0.232,0.258,0.41
22496,0.226,0.134,0.15,0.49
22497,0.196,0.414,0.242,0.148
22498,0.166,0.21,0.222,0.402
22499,0.354,0.144,0.112,0.39
22500,0.47,0.14,0.114,0.276
22501,0.356,0.186,0.14,0.318
22502,0.232,0.182,0.122,0.464
22503,0.248,0.158,0.144,0.45
22504,0.174,0.33,0.104,0.392
22505,0.282,0.124,0.19,0.404
22506,0.27,0.216,0.284,0.23
22507,0.096,0.474,0.128,0.302
22508,0.106,0.564,0.098,0.232
22509,0.396,0.154,0.122,0.328
22510,0.1,0.616,0.084,0.2
22511,0.164,0.148,0.468,0.22
22512,0.216,0.138,0.198,0.448
22513,0.14,0.14,0.168,0.552
22514,0.12,0.504,0.13,0.246
22515,0.106,0.142,0.306,0.446
22516,0.116,0.408,0.166,0.31
22517,0.204,0.138,0.282,0.376
22518,0.184,0.184,0.182,0.45
22519,0.178,0.292,0.104,0.426
22520,0.34,0.272,0.1,0.288
22521,0.122,0.36,0.168,0.35
22522,0.128,0.132,0.41,0.33
22523,0.118,0.514,0.128,0.24
22524,0.12,0.17,0.228,0.482
22525,0.322,0.16,0.276,0.242
22526,0.318,0.324,0.092,0.266
22527,0.122,0.318,0.168,0.392
22528,0.108,0.114,0.44,0.338
22529,0.114,0.402,0.172,0.312
22530,0.196,0.148,0.14,0.516
22531,0.124,0.13,0.47,0.276
22532,0.172,0.216,0.112,0.5
22533,0.124,0.26,0.144,0.472
22534,0.184,0.26,0.12,0.436
22535,0.146,0.204,0.298,0.352
22536,0.112,0.386,0.204,0.298
22537,0.134,0.318,0.378,0.17
22538,0.162,0.226,0.156,0.456
22539,0.112,0.248,0.404,0.236
22540,0.154,0.218,0.128,0.5
22541,0.118,0.31,0.198,0.374
22542,0.092,0.166,0.402,0.34
22543,0.296,0.104,0.164,0.436
22544,0.116,0.156,0.4,0.328
22545,0.122,0.388,0.192,0.298
22546,0.384,0.37,0.08,0.166
22547,0.348,0.254,0.178,0.22
22548,0.206,0.114,0.398,0.282
22549,0.266,0.098,0.234,0.402
22550,0.086,0.258,0.464,0.192
22551,0.122,0.232,0.298,0.348
22552,0.164,0.186,0.17,0.48
22553,0.122,0.446,0.084,0.348
22554,0.186,0.114,0.372,0.328
22555,0.102,0.286,0.312,0.3
22556,0.214,0.53,0.124,0.132
22557,0.12,0.218,0.106,0.556
22558,0.208,0.102,0.574,0.116
22559,0.144,0.362,0.198,0.296
22560,0.16,0.302,0.17,0.368
22561,0.15,0.338,0.392,0.12
22562,0.374,0.366,0.192,0.068
22563,0.348,0.1,0.19,0.362
22564,0.398,0.154,0.216,0.232
22565,0.116,0.24,0.35,0.294
22566,0.318,0.36,0.202,0.12
22567,0.156,0.102,0.38,0.362
22568,0.192,0.13,0.132,0.546
22569,0.178,0.138,0.506,0.178
22570,0.2,0.182,0.336,0.282
22571,0.326,0.42,0.102,0.152
22572,0.18,0.29,0.12,0.41
22573,0.402,0.216,0.114,0.268
22574,0.164,0.154,0.306,0.376
22575,0.102,0.332,0.324,0.242
22576,0.272,0.376,0.13,0.222
22577,0.346,0.356,0.162,0.136
22578,0.09,0.304,0.482,0.124
22579,0.16,0.22,0.154,0.466
22580,0.374,0.26,0.2,0.166
22581,0.116,0.204,0.324,0.356
22582,0.418,0.176,0.298,0.108
22583,0.232,0.16,0.392,0.216
22584,0.118,0.288,0.28,0.314
22585,0.242,0.422,0.166,0.17
22586,0.104,0.53,0.166,0.2
22587,0.25,0.142,0.14,0.468
22588,0.224,0.13,0.268,0.378
22589,0.31,0.492,0.108,0.09
22590,0.154,0.11,0.324,0.412
22591,0.294,0.104,0.508,0.094
22592,0.23,0.368,0.212,0.19
22593,0.298,0.278,0.156,0.268
22594,0.132,0.136,0.43,0.302
22595,0.152,0.148,0.222,0.478
22596,0.238,0.286,0.308,0.168
22597,0.12,0.208,0.39,0.282
22598,0.124,0.44,0.104,0.332
22599,0.192,0.172,0.178,0.458
22600,0.16,0.212,0.124,0.504
22601,0.27,0.142,0.138,0.45
22602,0.388,0.192,0.138,0.282
22603,0.34,0.154,0.168,0.338
22604,0.122,0.26,0.264,0.354
22605,0.41,0.156,0.138,0.296
22606,0.236,0.168,0.338,0.258
22607,0.166,0.152,0.282,0.4
22608,0.106,0.46,0.098,0.336
22609,0.2,0.274,0.104,0.422
22610,0.096,0.42,0.152,0.332
22611,0.15,0.242,0.304,0.304
22612,0.166,0.16,0.258,0.416
22613,0.46,0.14,0.196,0.204
22614,0.344,0.272,0.096,0.288
22615,0.174,0.434,0.242,0.15
22616,0.48,0.134,0.212,0.174
22617,0.128,0.216,0.394,0.262
22618,0.376,0.106,0.288,0.23
22619,0.102,0.386,0.146,0.366
22620,0.124,0.526,0.152,0.198
22621,0.112,0.136,0.414,0.338
22622,0.262,0.178,0.174,0.386
22623,0.12,0.468,0.124,0.288
22624,0.144,0.328,0.128,0.4
22625,0.26,0.154,0.142,0.444
22626,0.264,0.148,0.21,0.378
22627,0.202,0.196,0.364,0.238
22628,0.142,0.246,0.426,0.186
22629,0.114,0.432,0.148,0.306
22630,0.25,0.262,0.252,0.236
22631,0.28,0.302,0.182,0.236
22632,0.236,0.28,0.166,0.318
22633,0.174,0.19,0.294,0.342
22634,0.156,0.308,0.194,0.342
22635,0.192,0.31,0.188,0.31
22636,0.15,0.356,0.248,0.246
22637,0.4,0.174,0.152,0.274
22638,0.26,0.264,0.148,0.328
22639,0.192,0.27,0.192,0.346
22640,0.16,0.18,0.388,0.272
22641,0.164,0.35,0.266,0.22
22642,0.178,0.252,0.194,0.376
22643,0.224,0.156,0.268,0.352
22644,0.16,0.24,0.392,0.208
22645,0.276,0.162,0.234,0.328
22646,0.202,0.198,0.208,0.392
22647,0.364,0.234,0.17,0.232
22648,0.45,0.196,0.136,0.218
22649,0.128,0.386,0.16,0.326
22650,0.132,0.3,0.154,0.414
22651,0.158,0.212,0.314,0.316
22652,0.106,0.226,0.224,0.444
22653,0.156,0.268,0.33,0.246
22654,0.122,0.236,0.172,0.47
22655,0.108,0.372,0.17,0.35
22656,0.22,0.26,0.306,0.214
22657,0.266,0.188,0.148,0.398
22658,0.168,0.196,0.174,0.462
22659,0.16,0.23,0.358,0.252
22660,0.328,0.218,0.16,0.294
22661,0.29,0.166,0.304,0.24
22662,0.122,0.28,0.352,0.246
22663,0.158,0.478,0.102,0.262
22664,0.136,0.382,0.138,0.344
22665,0.338,0.204,0.252,0.206
22666,0.204,0.3,0.116,0.38
22667,0.12,0.296,0.336,0.248
22668,0.172,0.248,0.18,0.4
22669,0.18,0.142,0.258,0.42
22670,0.162,0.262,0.204,0.372
22671,0.172,0.15,0.474,0.204
22672,0.3,0.158,0.172,0.37
22673,0.242,0.226,0.17,0.362
22674,0.192,0.158,0.4,0.25
22675,0.126,0.222,0.32,0.332
22676,0.142,0.442,0.116,0.3
22677,0.272,0.182,0.262,0.284
22678,0.172,0.198,0.214,0.416
22679,0.092,0.376,0.14,0.392
22680,0.14,0.19,0.284,0.386
22681,0.104,0.352,0.156,0.388
22682,0.276,0.428,0.092,0.204
22683,0.114,0.1,0.552,0.234
22684,0.208,0.376,0.196,0.22
22685,0.216,0.18,0.234,0.37
22686,0.472,0.136,0.13,0.262
22687,0.144,0.428,0.166,0.262
22688,0.442,0.304,0.178,0.076
22689,0.174,0.39,0.254,0.182
22690,0.118,0.228,0.518,0.136
22691,0.132,0.374,0.36,0.134
22692,0.136,0.322,0.142,0.4
22693,0.156,0.382,0.118,0.344
22694,0.608,0.1,0.12,0.172
22695,0.226,0.124,0.37,0.28
22696,0.152,0.36,0.112,0.376
22697,0.128,0.442,0.132,0.298
22698,0.238,0.35,0.086,0.326
22699,0.546,0.112,0.138,0.204
22700,0.368,0.19,0.13,0.312
22701,0.116,0.284,0.114,0.486
22702,0.174,0.122,0.472,0.232
22703,0.258,0.1,0.48,0.162
22704,0.11,0.406,0.106,0.378
22705,0.082,0.382,0.178,0.358
22706,0.34,0.136,0.242,0.282
22707,0.118,0.444,0.174,0.264
22708,0.144,0.22,0.402,0.234
22709,0.15,0.518,0.104,0.228
22710,0.194,0.266,0.17,0.37
22711,0.45,0.174,0.186,0.19
22712,0.16,0.34,0.148,0.352
22713,0.156,0.176,0.298,0.37
22714,0.122,0.228,0.412,0.238
22715,0.322,0.2,0.166,0.312
22716,0.206,0.214,0.222,0.358
22717,0.164,0.16,0.304,0.372
22718,0.31,0.15,0.198,0.342
22719,0.44,0.144,0.188,0.228
22720,0.088,0.276,0.27,0.366
22721,0.412,0.262,0.126,0.2
22722,0.164,0.194,0.218,0.424
22723,0.134,0.41,0.13,0.326
22724,0.246,0.162,0.356,0.236
22725,0.192,0.372,0.244,0.192
22726,0.226,0.438,0.158,0.178
22727,0.212,0.312,0.364,0.112
22728,0.142,0.424,0.254,0.18
22729,0.378,0.24,0.204,0.178
22730,0.198,0.35,0.242,0.21
22731,0.158,0.428,0.218,0.196
22732,0.374,0.214,0.22,0.192
22733,0.23,0.348,0.206,0.216
22734,0.168,0.428,0.176,0.228
22735,0.136,0.442,0.328,0.094
22736,0.17,0.34,0.356,0.134
22737,0.368,0.252,0.174,0.206
22738,0.412,0.18,0.244,0.164
22739,0.248,0.34,0.222,0.19
22740,0.2,0.478,0.188,0.134
22741,0.45,0.198,0.238,0.114
22742,0.208,0.344,0.354,0.094
22743,0.236,0.426,0.164,0.174
22744,0.174,0.442,0.152,0.232
22745,0.254,0.23,0.192,0.324
22746,0.222,0.274,0.286,0.218
22747,0.418,0.204,0.158,0.22
22748,0.406,0.154,0.284,0.156
22749,0.128,0.178,0.518,0.176
22750,0.248,0.272,0.368,0.112
22751,0.128,0.33,0.414,0.128
22752,0.366,0.19,0.232,0.212
22753,0.172,0.42,0.202,0.206
22754,0.254,0.4,0.254,0.092
22755,0.146,0.164,0.382,0.308
22756,0.202,0.22,0.298,0.28
22757,0.24,0.174,0.242,0.344
22758,0.134,0.362,0.344,0.16
22759,0.37,0.282,0.144,0.204
22760,0.122,0.256,0.37,0.252
22761,0.1,0.444,0.168,0.288
22762,0.136,0.316,0.38,0.168
22763,0.132,0.446,0.18,0.242
22764,0.202,0.482,0.118,0.198
22765,0.232,0.37,0.132,0.266
22766,0.358,0.288,0.226,0.128
22767,0.18,0.13,0.362,0.328
22768,0.114,0.282,0.292,0.312
22769,0.122,0.544,0.118,0.216
22770,0.4,0.158,0.138,0.304
22771,0.2,0.104,0.542,0.154
22772,0.384,0.208,0.174,0.234
22773,0.12,0.47,0.118,0.292
22774,0.1,0.366,0.254,0.28
22775,0.13,0.442,0.28,0.148
22776,0.158,0.304,0.108,0.43
22777,0.126,0.442,0.21,0.222
22778,0.102,0.148,0.44,0.31
22779,0.268,0.246,0.24,0.246
22780,0.222,0.304,0.244,0.23
22781,0.104,0.18,0.49,0.226
22782,0.114,0.158,0.27,0.458
22783,0.144,0.122,0.496,0.238
22784,0.128,0.436,0.116,0.32
22785,0.238,0.264,0.24,0.258
22786,0.174,0.124,0.364,0.338
22787,0.31,0.14,0.184,0.366
22788,0.374,0.118,0.168,0.34
22789,0.41,0.138,0.126,0.326
22790,0.078,0.33,0.416,0.176
22791,0.108,0.266,0.086,0.54
22792,0.082,0.082,0.646,0.19
22793,0.572,0.104,0.118,0.206
22794,0.11,0.348,0.222,0.32
22795,0.156,0.454,0.116,0.274
22796,0.482,0.11,0.09,0.318
22797,0.108,0.066,0.526,0.3
22798,0.15,0.15,0.254,0.446
22799,0.428,0.142,0.096,0.334
22800,0.344,0.126,0.23,0.3
22801,0.138,0.278,0.25,0.334
22802,0.122,0.276,0.266,0.336
22803,0.358,0.262,0.156,0.224
22804,0.23,0.13,0.286,0.354
22805,0.23,0.284,0.14,0.346
22806,0.126,0.362,0.166,0.346
22807,0.298,0.144,0.316,0.242
22808,0.08,0.38,0.196,0.344
22809,0.126,0.198,0.41,0.266
22810,0.094,0.44,0.232,0.234
22811,0.196,0.214,0.204,0.386
22812,0.162,0.332,0.178,0.328
22813,0.42,0.152,0.168,0.26
22814,0.168,0.45,0.12,0.262
22815,0.16,0.384,0.17,0.286
22816,0.186,0.178,0.178,0.458
22817,0.39,0.19,0.134,0.286
22818,0.122,0.382,0.236,0.26
22819,0.176,0.176,0.386,0.262
22820,0.156,0.266,0.364,0.214
22821,0.124,0.17,0.332,0.374
22822,0.242,0.134,0.372,0.252
22823,0.146,0.326,0.128,0.4
22824,0.118,0.412,0.134,0.336
22825,0.268,0.136,0.442,0.154
22826,0.176,0.16,0.244,0.42
22827,0.502,0.128,0.126,0.244
22828,0.14,0.188,0.486,0.186
22829,0.134,0.34,0.286,0.24
22830,0.144,0.12,0.5,0.236
22831,0.12,0.478,0.11,0.292
22832,0.142,0.126,0.464,0.268
22833,0.198,0.552,0.078,0.172
22834,0.154,0.134,0.232,0.48
22835,0.258,0.154,0.122,0.466
22836,0.128,0.424,0.128,0.32
22837,0.13,0.352,0.14,0.378
22838,0.3,0.218,0.144,0.338
22839,0.202,0.238,0.27,0.29
22840,0.392,0.164,0.16,0.284
22841,0.208,0.214,0.134,0.444
22842,0.326,0.154,0.196,0.324
22843,0.258,0.15,0.326,0.266
22844,0.296,0.128,0.422,0.154
22845,0.376,0.172,0.31,0.142
22846,0.138,0.468,0.136,0.258
22847,0.242,0.334,0.146,0.278
22848,0.228,0.24,0.108,0.424
22849,0.324,0.106,0.388,0.182
22850,0.314,0.16,0.336,0.19
22851,0.156,0.426,0.134,0.284
22852,0.386,0.192,0.098,0.324
22853,0.412,0.14,0.298,0.15
22854,0.198,0.256,0.112,0.434
22855,0.448,0.212,0.084,0.256
22856,0.138,0.152,0.358,0.352
22857,0.192,0.166,0.214,0.428
22858,0.208,0.276,0.322,0.194
22859,0.16,0.548,0.106,0.186
22860,0.142,0.226,0.204,0.428
22861,0.128,0.386,0.274,0.212
22862,0.204,0.218,0.166,0.412
22863,0.224,0.442,0.106,0.228
22864,0.134,0.23,0.262,0.374
22865,0.296,0.24,0.184,0.28
22866,0.156,0.114,0.422,0.308
22867,0.164,0.19,0.378,0.268
22868,0.124,0.178,0.284,0.414
22869,0.228,0.188,0.232,0.352
22870,0.428,0.154,0.144,0.274
22871,0.088,0.59,0.13,0.192
22872,0.106,0.538,0.126,0.23
22873,0.148,0.214,0.268,0.37
22874,0.196,0.386,0.132,0.286
22875,0.11,0.518,0.134,0.238
22876,0.15,0.418,0.182,0.25
22877,0.256,0.228,0.21,0.306
22878,0.186,0.128,0.436,0.25
22879,0.218,0.164,0.404,0.214
22880,0.204,0.218,0.404,0.174
22881,0.26,0.202,0.306,0.232
22882,0.126,0.504,0.108,0.262
22883,0.18,0.16,0.322,0.338
22884,0.136,0.214,0.35,0.3
22885,0.396,0.204,0.094,0.306
22886,0.296,0.146,0.146,0.412
22887,0.108,0.498,0.098,0.296
22888,0.498,0.196,0.104,0.202
22889,0.118,0.172,0.486,0.224
22890,0.27,0.408,0.15,0.172
22891,0.21,0.348,0.204,0.238
22892,0.264,0.12,0.414,0.202
22893,0.44,0.138,0.224,0.198
22894,0.146,0.226,0.178,0.45
22895,0.31,0.27,0.136,0.284
22896,0.276,0.558,0.074,0.092
22897,0.088,0.194,0.51,0.208
22898,0.32,0.174,0.254,0.252
22899,0.514,0.168,0.112,0.206
22900,0.276,0.314,0.106,0.304
22901,0.28,0.316,0.138,0.266
22902,0.114,0.46,0.124,0.302
22903,0.158,0.222,0.488,0.132
22904,0.57,0.138,0.086,0.206
22905,0.392,0.32,0.096,0.192
22906,0.53,0.254,0.074,0.142
22907,0.142,0.198,0.512,0.148
22908,0.312,0.308,0.252,0.128
22909,0.194,0.604,0.068,0.134
22910,0.286,0.222,0.156,0.336
22911,0.242,0.164,0.172,0.422
22912,0.176,0.544,0.172,0.108
22913,0.366,0.12,0.354,0.16
22914,0.096,0.322,0.27,0.312
22915,0.334,0.196,0.172,0.298
22916,0.18,0.39,0.124,0.306
22917,0.196,0.24,0.15,0.414
22918,0.374,0.204,0.114,0.308
22919,0.118,0.516,0.178,0.188
22920,0.192,0.158,0.438,0.212
22921,0.204,0.174,0.218,0.404
22922,0.152,0.36,0.138,0.35
22923,0.076,0.358,0.23,0.336
22924,0.49,0.166,0.114,0.23
22925,0.204,0.296,0.134,0.366
22926,0.308,0.12,0.23,0.342
22927,0.176,0.156,0.216,0.452
22928,0.374,0.222,0.116,0.288
22929,0.14,0.492,0.206,0.162
22930,0.156,0.234,0.322,0.288
22931,0.212,0.274,0.362,0.152
22932,0.148,0.19,0.138,0.524
22933,0.318,0.166,0.132,0.384
22934,0.208,0.18,0.262,0.35
22935,0.172,0.404,0.156,0.268
22936,0.324,0.192,0.244,0.24
22937,0.302,0.162,0.228,0.308
22938,0.406,0.202,0.124,0.268
