No,Ch1,Ch2,Ch3,Ch4
21566,0.158948958,0.081447561,0.424053995,0.335549486
21567,0.038420491,0.407828615,0.361219338,0.192531556
21568,0.317732505,0.487205262,0.060938492,0.134123742
21569,0.549784828,0.094089899,0.147614157,0.208511115
21570,0.099438454,0.427875345,0.360794306,0.111891895
21571,0.074100087,0.638937348,0.131203226,0.155759338
21572,0.113068336,0.058023958,0.544618713,0.284288993
21573,0.130624962,0.179018474,0.160296206,0.530060359
21574,0.119309653,0.337976204,0.413997687,0.128716456
21575,0.03607673,0.065238066,0.623592866,0.275092338
21576,0.275620408,0.201738849,0.304698501,0.217942242
21577,0.229561783,0.098388986,0.528415296,0.143633935
21578,0.401929057,0.267165413,0.117866026,0.213039503
21579,0.061811652,0.14768267,0.20397212,0.586533558
21580,0.032564528,0.554117457,0.231886706,0.181431309
21581,0.454747987,0.058938401,0.13463001,0.351683602
21582,0.10547967,0.223560647,0.346832489,0.324127193
21583,0.157023409,0.149782624,0.235729979,0.457463989
21584,0.224718752,0.312657131,0.051957704,0.410666413
21585,0.237376035,0.308780843,0.176714801,0.277128321
21586,0.215500957,0.382535143,0.191238851,0.210725049
21587,0.046039544,0.481563383,0.240995869,0.231401204
21588,0.030601095,0.087182256,0.534813702,0.347402947
21589,0.209910733,0.058251835,0.515376306,0.216461126
21590,0.033588143,0.161952454,0.506376566,0.298082838
21591,0.049478548,0.212290111,0.405356287,0.332875054
21592,0.134235899,0.232851826,0.108665321,0.524246953
21593,0.368007097,0.219784737,0.180393434,0.231814732
21594,0.129787847,0.158853763,0.255068066,0.456290324
21595,0.259494436,0.22240005,0.084514239,0.433591274
21596,0.152621908,0.62896032,0.080741329,0.137676443
21597,0.307056154,0.284040646,0.083886269,0.325016931
21598,0.094412082,0.380977216,0.332107358,0.192503344
21599,0.217406479,0.378778044,0.256387972,0.147427505
21600,0.092486566,0.202750589,0.107821403,0.596941442
21601,0.055889927,0.181985453,0.194627908,0.567496713
21602,0.040022124,0.378368482,0.346429345,0.235180049
21603,0.42665161,0.054839098,0.22191378,0.296595511
21604,0.028820442,0.226627308,0.338276721,0.406275529
21605,0.277489507,0.051733135,0.322764424,0.348012934
21606,0.178302835,0.036308501,0.325543004,0.459845661
21607,0.431024906,0.062266548,0.069068515,0.437640031
21608,0.332477921,0.344068866,0.028362582,0.295090632
21609,0.043176181,0.059147936,0.363116318,0.534559565
21610,0.268489138,0.290012067,0.046777717,0.394721079
21611,0.067566376,0.038060745,0.49244202,0.401930859
21612,0.306698922,0.189045822,0.264729112,0.239526144
21613,0.039921014,0.175084027,0.276175463,0.508819496
21614,0.106079305,0.368276649,0.279729276,0.24591477
21615,0.294125539,0.281615003,0.042014637,0.38224482
21616,0.359413863,0.020675275,0.393614926,0.226295936
21617,0.246082807,0.280086425,0.22075802,0.253072749
21618,0.209633591,0.113460463,0.259234324,0.417671622
21619,0.133849671,0.130776221,0.106900396,0.628473711
21620,0.083478345,0.530478808,0.082982312,0.303060535
21621,0.233512367,0.268308635,0.203902633,0.294276365
21622,0.142421316,0.217936386,0.134629231,0.505013067
21623,0.437492291,0.363129484,0.054916116,0.144462109
21624,0.581099307,0.095276374,0.09906277,0.224561549
21625,0.142921048,0.098220546,0.511394126,0.24746428
21626,0.638021382,0.052956265,0.093878398,0.215143955
21627,0.111122298,0.269651195,0.399223982,0.220002525
21628,0.088415561,0.65460013,0.121331496,0.135652814
21629,0.481795184,0.134011507,0.125977806,0.258215504
21630,0.229292554,0.217862082,0.203850516,0.348994848
21631,0.147856055,0.037039576,0.731792259,0.08331211
21632,0.059672494,0.273849725,0.407187493,0.259290288
21633,0.136342209,0.430624768,0.126547376,0.306485647
21634,0.086461384,0.714543549,0.074321095,0.124673972
21635,0.040588891,0.675346138,0.162987723,0.121077248
21636,0.648077449,0.078731947,0.082888413,0.190302191
21637,0.478788266,0.241577601,0.055447347,0.224186786
21638,0.053939513,0.351632837,0.453820132,0.140607517
21639,0.278440464,0.479222121,0.110777758,0.131559657
21640,0.541535098,0.25581506,0.054049295,0.148600546
21641,0.140587195,0.26066607,0.471691744,0.12705499
21642,0.342457989,0.274140122,0.177691655,0.205710234
21643,0.038654022,0.336364433,0.350941731,0.274039814
21644,0.267522241,0.243128056,0.173347355,0.316002349
21645,0.09632177,0.495268704,0.167972924,0.240436602
21646,0.173908894,0.254647005,0.372303015,0.199141086
21647,0.237508385,0.20847916,0.389279749,0.164732706
21648,0.340166505,0.097109343,0.362315521,0.20040863
21649,0.369225289,0.142374303,0.34548966,0.142910748
21650,0.16186927,0.300295425,0.34491577,0.192919534
21651,0.402079506,0.060408587,0.135792582,0.401719325
21652,0.054178237,0.11055797,0.25950971,0.575754083
21653,0.551043843,0.170582579,0.08074543,0.197628148
21654,0.533637339,0.144833207,0.107605537,0.213923917
21655,0.359077749,0.025400977,0.451402309,0.164118964
21656,0.453190606,0.135051311,0.179378525,0.232379558
21657,0.452749553,0.078454652,0.143578676,0.325217119
21658,0.399938608,0.107208413,0.28432356,0.208529418
21659,0.465635959,0.126538599,0.152932839,0.254892603
21660,0.138024936,0.097512643,0.340438685,0.424023736
21661,0.068829955,0.307351042,0.252259608,0.371559394
21662,0.045093856,0.65262748,0.036507084,0.26577158
21663,0.141038347,0.109487541,0.526238336,0.223235776
21664,0.058946869,0.366629678,0.214322939,0.360100515
21665,0.319090227,0.254437506,0.151848,0.274624267
21666,0.072352692,0.458605176,0.232087429,0.236954704
21667,0.049277417,0.513503872,0.19400897,0.243209741
21668,0.309554704,0.194088927,0.17791811,0.318438259
21669,0.235090969,0.233608177,0.0879699,0.443330953
21670,0.141240095,0.527340513,0.086531302,0.244888091
21671,0.076117851,0.364934246,0.410125315,0.148822588
21672,0.040511569,0.262832914,0.490082125,0.206573392
21673,0.452837758,0.105044588,0.04747126,0.394646393
21674,0.372601396,0.112982334,0.266023041,0.24839323
21675,0.259017572,0.231363349,0.157594252,0.352024827
21676,0.112235769,0.507177042,0.085644008,0.294943181
21677,0.435391997,0.067465351,0.32631964,0.170823012
21678,0.117687107,0.48461381,0.295191537,0.102507546
21679,0.211214007,0.388686882,0.076356521,0.32374259
21680,0.215257808,0.097193397,0.56444291,0.123105885
21681,0.30178357,0.07619713,0.217017615,0.405001686
21682,0.396609672,0.27215747,0.054295803,0.276937055
21683,0.302339712,0.043056047,0.370383521,0.284220721
21684,0.369720783,0.068006299,0.255213579,0.307059339
21685,0.198868373,0.272292807,0.14739192,0.3814469
21686,0.074432156,0.455720982,0.24587486,0.223972002
21687,0.126234024,0.092431008,0.499270718,0.28206425
21688,0.210613377,0.184907158,0.113570871,0.490908594
21689,0.161179928,0.624923461,0.067239412,0.146657199
21690,0.703281962,0.153831695,0.023517731,0.119368612
21691,0.133570584,0.544841032,0.103957172,0.217631211
21692,0.045982817,0.303546875,0.510596121,0.139874186
21693,0.06791594,0.705072926,0.053014089,0.173997046
21694,0.156118999,0.295360231,0.205957422,0.342563349
21695,0.310907955,0.397948157,0.194832152,0.096311736
21696,0.592055,0.16478115,0.039013566,0.204150284
21697,0.452916765,0.122159294,0.266242383,0.158681557
21698,0.15533081,0.0538741,0.680996403,0.109798687
21699,0.215548198,0.470316585,0.032056378,0.282078839
21700,0.277811672,0.292835982,0.205279942,0.224072404
21701,0.435374331,0.135460159,0.105953244,0.323212266
21702,0.029234448,0.603826836,0.091254826,0.275683891
21703,0.086594477,0.324943042,0.073614862,0.514847618
21704,0.103641741,0.224270558,0.400756188,0.271331513
21705,0.142108946,0.052644652,0.395075192,0.410171211
21706,0.120978211,0.382892137,0.093496471,0.40263318
21707,0.103170156,0.571106689,0.115943432,0.209779723
21708,0.043618427,0.464731865,0.094904121,0.396745587
21709,0.279576631,0.143027429,0.064528155,0.512867785
21710,0.440484309,0.064207667,0.068845436,0.426462588
21711,0.049479565,0.471331907,0.197446568,0.28174196
21712,0.097358275,0.226576076,0.066364007,0.609701642
21713,0.531027305,0.073799172,0.111406906,0.283766617
21714,0.048299744,0.65885313,0.034283361,0.258563764
21715,0.422203462,0.143180487,0.162275637,0.272340413
21716,0.148416298,0.155743023,0.167753479,0.528087201
21717,0.197902747,0.04655378,0.434624829,0.320918644
21718,0.339602529,0.418140516,0.029349477,0.212907478
21719,0.224534038,0.163194789,0.14700492,0.465266252
21720,0.395955939,0.127771631,0.058754019,0.417518411
21721,0.124678523,0.222190716,0.349027282,0.304103479
21722,0.532039765,0.210533455,0.03107255,0.22635423
21723,0.045928009,0.280005779,0.179048147,0.495018065
21724,0.363194892,0.147898477,0.220289982,0.268616649
21725,0.056824677,0.245792016,0.186018711,0.511364596
21726,0.02393279,0.434545766,0.287838625,0.253682818
21727,0.28030591,0.032043466,0.529218822,0.158431803
21728,0.06616018,0.103714502,0.369565926,0.460559392
21729,0.202883584,0.211005691,0.144843141,0.441267584
21730,0.424277312,0.064344215,0.059622172,0.4517563
21731,0.285877259,0.132508803,0.290751178,0.290862761
21732,0.328271959,0.187606918,0.106749892,0.37737123
21733,0.346149186,0.35998678,0.089043215,0.204820819
21734,0.047167844,0.608084995,0.12960273,0.215144431
21735,0.208519171,0.339655513,0.067247933,0.384577383
21736,0.526631965,0.158519787,0.120762794,0.194085454
21737,0.333288992,0.066812247,0.455591618,0.144307144
21738,0.310624654,0.264513978,0.294954349,0.129907019
21739,0.08294935,0.468235374,0.308942286,0.13987299
21740,0.056635121,0.757232141,0.110078436,0.076054302
21741,0.070332832,0.542272617,0.176062297,0.211332254
21742,0.236640609,0.114382198,0.466712601,0.182264592
21743,0.36906842,0.370397867,0.048249246,0.212284468
21744,0.314132118,0.121244094,0.444355366,0.120268422
21745,0.300981736,0.140833018,0.337107481,0.221077765
21746,0.19220679,0.608444923,0.048057113,0.151291174
21747,0.525553931,0.228438366,0.113445679,0.132562024
21748,0.402922769,0.339153038,0.111402055,0.146522137
21749,0.066056233,0.529841223,0.265044062,0.139058482
21750,0.061666932,0.104437762,0.575966042,0.257929264
21751,0.485321375,0.035492389,0.38028086,0.098905376
21752,0.396078239,0.102272163,0.1664354,0.335214197
21753,0.277695783,0.201478129,0.30688999,0.213936098
21754,0.065778567,0.579963001,0.128723151,0.225535281
21755,0.183127634,0.284993707,0.298177815,0.233700844
21756,0.119945912,0.329189264,0.144584297,0.406280527
21757,0.140567531,0.515339023,0.030913685,0.313179761
21758,0.23045532,0.196895074,0.210247883,0.362401722
21759,0.285152465,0.339752899,0.204303862,0.170790775
21760,0.170781378,0.068786303,0.391656692,0.368775627
21761,0.116704648,0.202501379,0.38371134,0.297082633
21762,0.038337114,0.656195021,0.029690039,0.275777826
21763,0.486633312,0.059397531,0.044423631,0.409545525
21764,0.226341848,0.043970969,0.488317575,0.241369608
21765,0.432760273,0.12582635,0.118946,0.322467377
21766,0.103198516,0.302626807,0.049046069,0.545128608
21767,0.095734676,0.180877099,0.339603137,0.383785088
21768,0.219233159,0.263208934,0.31133597,0.206221936
21769,0.215242515,0.148679748,0.111783413,0.524294324
21770,0.167924558,0.317585526,0.246102818,0.268387098
21771,0.050197843,0.112765656,0.432909702,0.404126799
21772,0.108160229,0.285293086,0.249405574,0.357141111
21773,0.089950143,0.413416675,0.060151627,0.436481555
21774,0.033469933,0.117696034,0.588066884,0.260767149
21775,0.195081539,0.401952536,0.211767248,0.191198677
21776,0.427805344,0.259583173,0.157724951,0.154886531
21777,0.078983105,0.072179181,0.592414634,0.25642308
21778,0.309741914,0.226990462,0.173855484,0.28941214
21779,0.349978371,0.307012662,0.112599821,0.230409146
21780,0.151961376,0.130140273,0.543211916,0.174686435
21781,0.096178744,0.089286933,0.6385653,0.175969023
21782,0.439160342,0.022926776,0.400142648,0.137770234
21783,0.333354239,0.152490983,0.178803706,0.335351072
21784,0.503334533,0.341949916,0.050409794,0.104305756
21785,0.176901617,0.532981817,0.226284083,0.063832483
21786,0.107660867,0.11006885,0.293950326,0.488319957
21787,0.064472883,0.70606611,0.053597311,0.175863697
21788,0.475186232,0.313580997,0.053160565,0.158072206
21789,0.124342986,0.338343486,0.307792292,0.229521236
21790,0.608543983,0.133091158,0.113451894,0.144912965
21791,0.32339355,0.20940906,0.203500169,0.26369722
21792,0.051363691,0.320555525,0.49747273,0.130608054
21793,0.172298978,0.273410394,0.453193735,0.101096893
21794,0.027458608,0.519427468,0.291158987,0.161954937
21795,0.21806035,0.028476011,0.518840377,0.234623262
21796,0.296735955,0.30377072,0.125990449,0.273502876
21797,0.25672459,0.367048455,0.186021886,0.190205068
21798,0.350102624,0.052968343,0.411379767,0.185549266
21799,0.085108857,0.099583102,0.197307699,0.618000342
21800,0.080335085,0.094227426,0.319325647,0.506111842
21801,0.148857557,0.120047112,0.315459771,0.415635559
21802,0.045756813,0.253951398,0.381478968,0.318812821
21803,0.118166882,0.117001226,0.533502828,0.231329063
21804,0.19990139,0.421862208,0.207464721,0.17077168
21805,0.560672436,0.055123982,0.126903053,0.257300529
21806,0.075272771,0.383308044,0.233675341,0.307743844
21807,0.125688441,0.529410789,0.130151048,0.214749722
21808,0.323854355,0.100739066,0.181680007,0.393726572
21809,0.517224421,0.059969126,0.071042691,0.351763762
21810,0.5431731,0.068659489,0.255842307,0.132325103
21811,0.258091762,0.398862486,0.266837027,0.076208725
21812,0.216852391,0.072294844,0.432921583,0.277931182
21813,0.23076059,0.576343615,0.057529334,0.13536646
21814,0.138046829,0.211676307,0.472011718,0.178265146
21815,0.309264614,0.058394841,0.386084737,0.246255808
21816,0.33654337,0.499548438,0.039786591,0.1241216
21817,0.036022807,0.057541782,0.763601668,0.142833743
21818,0.089765689,0.122502578,0.387244532,0.400487202
21819,0.264534465,0.222575839,0.119011797,0.393877899
21820,0.58377139,0.134341051,0.125334759,0.1565528
21821,0.199262644,0.11891212,0.526459775,0.15536546
21822,0.387816502,0.461599218,0.052262894,0.098321386
21823,0.152977225,0.439334803,0.280757768,0.126930204
21824,0.142949185,0.532983574,0.242092131,0.081975111
21825,0.076906538,0.522742817,0.163135941,0.237214705
21826,0.293420853,0.345105315,0.284017939,0.077455893
21827,0.082962172,0.078281158,0.726901226,0.111855443
21828,0.102308443,0.549103856,0.132852114,0.215735587
21829,0.114412268,0.076638642,0.58238642,0.22656267
21830,0.044310141,0.090016683,0.670598472,0.195074704
21831,0.2973151,0.342735017,0.15729662,0.202653263
21832,0.256044483,0.485268505,0.059570833,0.199116179
21833,0.548354496,0.054025985,0.222320092,0.175299427
21834,0.502506463,0.222758111,0.097040814,0.177694612
21835,0.080447076,0.492459358,0.0977983,0.329295267
21836,0.053563214,0.078952196,0.669951742,0.197532848
21837,0.14541484,0.063659391,0.542213741,0.248712028
21838,0.326695828,0.097848417,0.366553726,0.208902029
21839,0.127916754,0.490975761,0.213553772,0.167553713
21840,0.588337427,0.034703228,0.225237272,0.151722073
21841,0.500175865,0.187590057,0.104826567,0.20740751
21842,0.058685802,0.186828393,0.541921808,0.212563997
21843,0.553913765,0.077834473,0.08529424,0.282957521
21844,0.059006971,0.540795107,0.184040042,0.21615788
21845,0.317445437,0.190985524,0.282079526,0.209489513
21846,0.076790731,0.430342846,0.226181863,0.26668456
21847,0.274286731,0.097187822,0.453905686,0.174619761
21848,0.103438824,0.211824756,0.089915355,0.594821065
21849,0.457682617,0.345593989,0.049951636,0.146771758
21850,0.539012138,0.129510354,0.063795216,0.267682291
21851,0.136136864,0.613805641,0.037287566,0.212769928
21852,0.398762971,0.161898654,0.250746475,0.1885919
21853,0.080947693,0.1211647,0.467532943,0.330354664
21854,0.397202217,0.129345753,0.125346403,0.348105626
21855,0.125225643,0.541097214,0.065908682,0.267768461
21856,0.38341889,0.23775389,0.237150835,0.141676385
21857,0.089763495,0.617661146,0.080323606,0.212251753
21858,0.494964016,0.081698551,0.040508137,0.382829297
21859,0.341120903,0.11412647,0.086966517,0.457786111
21860,0.390121907,0.41240599,0.059569638,0.137902465
21861,0.138738721,0.100576093,0.563949418,0.196735768
21862,0.025806771,0.356111206,0.422871658,0.195210365
21863,0.078107351,0.357910641,0.220398865,0.343583143
21864,0.324077015,0.447209695,0.034674868,0.194038422
21865,0.11269555,0.390024226,0.351834837,0.145445387
21866,0.177719515,0.153576808,0.477740001,0.190963675
21867,0.07146644,0.111302222,0.350942054,0.466289283
21868,0.112652657,0.093737495,0.569252005,0.224357844
21869,0.398419558,0.079281928,0.183840867,0.338457647
21870,0.266837157,0.156189976,0.332860916,0.244111951
21871,0.712022424,0.066502974,0.022260622,0.19921398
21872,0.036444989,0.457167923,0.350722301,0.155664788
21873,0.401623881,0.252500699,0.219611178,0.126264242
21874,0.070299603,0.610048243,0.114258799,0.205393355
21875,0.333875627,0.410886885,0.051997063,0.203240425
21876,0.528721303,0.136486346,0.135727163,0.199065187
21877,0.081359594,0.490130279,0.085188461,0.343321667
21878,0.331720739,0.500597624,0.038674532,0.129007105
21879,0.302962845,0.260015279,0.07495147,0.362070406
21880,0.482253398,0.100823461,0.242734443,0.174188698
21881,0.100525949,0.448197796,0.18774405,0.263532205
21882,0.261879102,0.207750354,0.26280333,0.267567214
21883,0.063905769,0.414835864,0.180259748,0.340998619
21884,0.242638895,0.515367644,0.027626611,0.21436685
21885,0.078908785,0.524398993,0.056685384,0.340006839
21886,0.276554624,0.305378888,0.092745006,0.325321483
21887,0.16132494,0.066682007,0.46553192,0.306461133
21888,0.057615686,0.394320124,0.323739237,0.224324953
21889,0.148797195,0.312317941,0.313525711,0.225359154
21890,0.254074049,0.163282591,0.269890843,0.312752517
21891,0.499215131,0.019316922,0.357561177,0.123906771
21892,0.109484569,0.313967579,0.100049688,0.476498164
21893,0.123335493,0.493139824,0.116734367,0.266790316
21894,0.138687313,0.076577528,0.345756351,0.438978808
21895,0.043039761,0.03761979,0.771902925,0.147437524
21896,0.345097745,0.150712054,0.376472835,0.127717367
21897,0.227848683,0.34685308,0.327988607,0.09730963
21898,0.220114324,0.203789196,0.39381904,0.182277439
21899,0.269556645,0.155390081,0.470720699,0.104332575
21900,0.065297011,0.092226117,0.117929178,0.724547694
21901,0.224919617,0.537569042,0.025648364,0.211862976
21902,0.057692819,0.192434062,0.552126378,0.197746741
21903,0.050843495,0.101335575,0.672995193,0.174825736
21904,0.286497546,0.048802984,0.408330774,0.256368696
21905,0.024374464,0.499664347,0.2498526,0.226108589
21906,0.105694835,0.242502728,0.109516718,0.542285719
21907,0.061267613,0.459916999,0.213146098,0.26566929
21908,0.299911634,0.156437396,0.268219362,0.275431608
21909,0.250124026,0.092257092,0.462120111,0.195498771
21910,0.52061034,0.112497148,0.127104747,0.239787765
21911,0.210926077,0.496159035,0.114270403,0.178644485
21912,0.206080961,0.483892599,0.052524811,0.257501629
21913,0.170689413,0.416140432,0.153839365,0.25933079
21914,0.158910425,0.166479923,0.137095938,0.537513714
21915,0.285365957,0.041196097,0.368788209,0.304649737
21916,0.086556593,0.085263239,0.198753926,0.629426241
21917,0.190569935,0.141711466,0.258478984,0.409239615
21918,0.064583463,0.072238918,0.625760471,0.237417148
21919,0.223294174,0.046454028,0.59516194,0.135089858
21920,0.217804873,0.18686103,0.177169336,0.418164761
21921,0.14997306,0.582461065,0.125025043,0.142540832
21922,0.482547501,0.160602746,0.072056553,0.284793201
21923,0.218432143,0.09366955,0.264034664,0.423863642
21924,0.269343955,0.102516887,0.198229409,0.429909748
21925,0.412589507,0.161558473,0.281930964,0.143921055
21926,0.452974174,0.072223494,0.133908849,0.340893483
21927,0.112374761,0.137210221,0.531831147,0.218583871
21928,0.163323359,0.499454528,0.052989579,0.284232534
21929,0.09663251,0.092439563,0.12359216,0.687335767
21930,0.048288271,0.309104502,0.298422329,0.344184897
21931,0.200963333,0.322467372,0.058746835,0.41782246
21932,0.117953855,0.039153325,0.562665479,0.28022734
21933,0.077507225,0.479099317,0.068480304,0.374913154
21934,0.136990656,0.307150591,0.251389028,0.304469726
21935,0.152575217,0.259575053,0.124165479,0.463684251
21936,0.213409047,0.267747813,0.214255775,0.304587366
21937,0.064123986,0.115192736,0.563425584,0.257257694
21938,0.032049772,0.534041572,0.12616594,0.307742716
21939,0.088124192,0.332252548,0.12543698,0.45418628
21940,0.419289984,0.262991152,0.088124173,0.229594691
21941,0.101067145,0.063341383,0.307128185,0.528463287
21942,0.15600009,0.431992517,0.223919374,0.188088019
21943,0.062819271,0.359918009,0.090823573,0.486439147
21944,0.068138062,0.328592069,0.313127995,0.290141874
21945,0.089790842,0.291289244,0.099346829,0.519573085
21946,0.42999668,0.138919803,0.103057618,0.328025898
21947,0.483475922,0.12443844,0.07836267,0.313722967
21948,0.110059938,0.46751811,0.235526196,0.186895756
21949,0.090753278,0.344263009,0.163636072,0.401347642
21950,0.109501885,0.435399951,0.095412985,0.359685179
21951,0.146890596,0.206279678,0.225686304,0.421143422
21952,0.386419829,0.056602663,0.064760366,0.492217142
21953,0.378916713,0.266600123,0.070575249,0.283907915
21954,0.144917135,0.091275891,0.093803683,0.670003291
21955,0.388884992,0.09204477,0.187166202,0.331904035
21956,0.070021295,0.105340975,0.133422107,0.691215623
21957,0.376052976,0.126045948,0.256713957,0.241187119
21958,0.027833601,0.638832004,0.086369316,0.24696508
21959,0.071273031,0.100572741,0.099863922,0.728290305
21960,0.192709679,0.461312139,0.054423691,0.291554492
21961,0.200161038,0.106453782,0.331627906,0.361757275
21962,0.623446271,0.151614461,0.04853334,0.176405928
21963,0.046936365,0.453520311,0.275507918,0.224035406
21964,0.182270501,0.029918024,0.575990604,0.211820871
21965,0.122786677,0.098770185,0.356096421,0.422346717
21966,0.084583784,0.062345672,0.344907456,0.508163088
21967,0.442492783,0.015469234,0.266937072,0.275100911
21968,0.295001736,0.481912625,0.04441078,0.178674859
21969,0.03717218,0.146786111,0.213445549,0.60259616
21970,0.178431854,0.14519485,0.143879474,0.532493823
21971,0.270269017,0.235034248,0.332832977,0.161863759
21972,0.401476313,0.111645067,0.171542578,0.315336042
21973,0.410632472,0.161220426,0.044207915,0.383939187
21974,0.467518308,0.150770167,0.074861025,0.3068505
21975,0.045721505,0.101328721,0.286122918,0.566826857
21976,0.328816496,0.305270822,0.249156741,0.116755941
21977,0.153121022,0.376596772,0.21585459,0.254427615
21978,0.260359112,0.058545766,0.305132069,0.375963052
21979,0.227456129,0.311956711,0.080638812,0.379948348
21980,0.083669222,0.470248236,0.152342408,0.293740134
21981,0.104410689,0.430280409,0.231074309,0.234234593
21982,0.166727388,0.255226705,0.260058704,0.317987204
21983,0.047028899,0.090980798,0.291497512,0.570492792
21984,0.059966976,0.273049084,0.247845661,0.419138279
21985,0.041149266,0.607269467,0.037568236,0.314013032
21986,0.12424436,0.098350269,0.522782334,0.254623036
21987,0.051674124,0.327726361,0.211875131,0.408724383
21988,0.288676077,0.234719838,0.154919224,0.321684861
21989,0.065269478,0.4218575,0.236105449,0.276767573
21990,0.044531087,0.473184441,0.197713404,0.284571068
21991,0.276286139,0.176641939,0.179077403,0.367994519
21992,0.205047506,0.207767666,0.086526989,0.500657839
21993,0.129148498,0.491692822,0.089228489,0.289930192
21994,0.068982554,0.33723974,0.419148843,0.174628863
21995,0.035893503,0.237458602,0.48967123,0.236976665
21996,0.402714363,0.09525758,0.047608467,0.45441959
21997,0.335852266,0.103845031,0.270409535,0.289893168
21998,0.229533427,0.209065634,0.157491105,0.403909835
21999,0.101307702,0.466812135,0.087178041,0.344702122
22000,0.398215084,0.062920103,0.336573115,0.202291698
22001,0.109226177,0.458632692,0.308958889,0.123182242
22002,0.189797401,0.356154801,0.077377131,0.376670668
22003,0.062869093,0.226201494,0.472870847,0.238058566
22004,0.491540024,0.084091544,0.080525432,0.343843
22005,0.188228504,0.107603437,0.263015765,0.441152295
22006,0.053436209,0.267673753,0.20498026,0.473909778
22007,0.247285009,0.375289809,0.187343403,0.190081778
22008,0.049752199,0.124290016,0.469849274,0.356108511
22009,0.437551793,0.065774581,0.142852585,0.353821041
22010,0.131572306,0.586878223,0.031259115,0.250290357
22011,0.090205497,0.292120446,0.308627782,0.309046275
22012,0.240120717,0.154158322,0.192097442,0.413623519
22013,0.340957816,0.067049607,0.341947839,0.250044738
22014,0.142350385,0.089968763,0.530439795,0.237241056
22015,0.097536674,0.119832276,0.281313633,0.501317417
22016,0.078295346,0.342615513,0.050101083,0.528988057
22017,0.057537198,0.675676214,0.045361292,0.221425296
22018,0.20775256,0.145401426,0.388386119,0.258459895
22019,0.215572464,0.085216055,0.251965263,0.447246219
22020,0.162628072,0.186917743,0.216422924,0.43403126
22021,0.070338309,0.328058396,0.273053734,0.32854956
22022,0.493065615,0.025508816,0.151943693,0.329481876
22023,0.36871839,0.017715109,0.282660468,0.330906033
22024,0.278984829,0.052648919,0.096722084,0.571644168
22025,0.41175642,0.18117577,0.064494969,0.342572841
22026,0.555125374,0.111031025,0.041559597,0.292284004
22027,0.334889358,0.164575009,0.085704315,0.414831317
22028,0.303596813,0.099742836,0.044259364,0.552400986
22029,0.05257913,0.070938702,0.083379361,0.793102807
22030,0.522554999,0.019517233,0.228244763,0.229683006
22031,0.213613894,0.192933023,0.074769289,0.518683793
22032,0.093066838,0.184190279,0.070894813,0.651848069
22033,0.061271967,0.126032415,0.501796975,0.310898643
22034,0.670825259,0.045058361,0.055756921,0.22835946
22035,0.174091764,0.096613517,0.118153982,0.611140737
22036,0.417998912,0.236872844,0.067982587,0.277145657
22037,0.177997752,0.151938932,0.042342306,0.627721011
22038,0.128000675,0.342580575,0.055362505,0.474056245
22039,0.414566207,0.303735875,0.018344509,0.263353409
22040,0.238264853,0.284360537,0.151959797,0.325414813
22041,0.146762135,0.042712729,0.619841779,0.190683356
22042,0.239020097,0.244552108,0.278992512,0.237435283
22043,0.171807029,0.622408592,0.05095633,0.154828049
22044,0.091288821,0.149585973,0.287255814,0.471869392
22045,0.090323169,0.364991626,0.105170835,0.43951437
22046,0.15807563,0.245082865,0.297551328,0.299290177
22047,0.247699653,0.40925419,0.064874749,0.278171408
22048,0.123021672,0.70120983,0.027770767,0.147997731
22049,0.109996835,0.69961357,0.044712114,0.145677481
22050,0.246478712,0.320651241,0.357305323,0.075564725
22051,0.045976018,0.095984622,0.596796788,0.261242571
22052,0.19629427,0.312857369,0.30248602,0.18836234
22053,0.050729986,0.686662973,0.13220677,0.130400271
22054,0.110062645,0.035897643,0.643570288,0.210469423
22055,0.347075633,0.082534461,0.458238619,0.112151287
22056,0.299686119,0.034226603,0.464783065,0.201304212
22057,0.304467344,0.144491809,0.266977842,0.284063004
22058,0.2819859,0.544784466,0.083346373,0.089883261
22059,0.21211082,0.485332283,0.080585926,0.221970972
22060,0.236798768,0.242013964,0.061296516,0.459890753
22061,0.08326572,0.182849345,0.436739219,0.297145716
22062,0.08953017,0.424773427,0.27262532,0.213071083
22063,0.027872762,0.531473298,0.245537684,0.195116256
22064,0.418019904,0.187625096,0.125320514,0.269034486
22065,0.19264041,0.200692917,0.319496789,0.287169883
22066,0.34920998,0.167128254,0.154627781,0.329033985
22067,0.368268363,0.273617213,0.052094074,0.306020349
22068,0.184068234,0.576679914,0.019808795,0.219443056
22069,0.07002336,0.45407604,0.123034941,0.352865659
22070,0.328753005,0.07381815,0.103177223,0.494251621
22071,0.307136447,0.259733961,0.096483895,0.336645697
22072,0.032362768,0.573341453,0.198378941,0.195916837
22073,0.258640664,0.167239249,0.246651336,0.327468751
22074,0.03546342,0.554047189,0.105870506,0.304618885
22075,0.125827135,0.192708419,0.228672649,0.452791797
22076,0.521235938,0.17796349,0.093927473,0.206873098
22077,0.227588803,0.10032053,0.104636265,0.567454402
22078,0.486691674,0.150397942,0.083355017,0.279555367
22079,0.365419988,0.044367978,0.055726895,0.534485139
22080,0.183319465,0.070862364,0.370278663,0.375539508
22081,0.080831062,0.36940877,0.118179463,0.431580705
22082,0.389426607,0.153825456,0.15892252,0.297825417
22083,0.031041351,0.408467042,0.22842587,0.332065736
22084,0.145234117,0.101399717,0.066400046,0.68696612
22085,0.251038736,0.102915341,0.147134037,0.498911886
22086,0.081848347,0.343921517,0.04734332,0.526886817
22087,0.068769618,0.067533201,0.360632579,0.503064602
22088,0.109703692,0.139352607,0.111970682,0.63897302
22089,0.031461646,0.459602311,0.202071298,0.306864745
22090,0.094601004,0.16999079,0.263438148,0.471970058
22091,0.060723969,0.1020723,0.461761878,0.375441853
22092,0.494770666,0.223136895,0.045587646,0.236504793
22093,0.077526678,0.115861235,0.400507592,0.406104494
22094,0.129169979,0.09023832,0.288394648,0.492197054
22095,0.079416451,0.246411509,0.157942594,0.516229446
22096,0.147697671,0.037765557,0.393444906,0.421091866
22097,0.512117606,0.029094984,0.068195524,0.390591886
22098,0.265049111,0.02662301,0.421874394,0.286453485
22099,0.055410529,0.232782509,0.10197506,0.609831902
22100,0.060721352,0.143656978,0.488318594,0.307303075
22101,0.403718957,0.206847588,0.121633689,0.267799766
22102,0.047988008,0.26236676,0.127591698,0.562053535
22103,0.198122262,0.275365631,0.18461986,0.341892247
22104,0.31884916,0.319546872,0.047450317,0.314153651
22105,0.042588027,0.226479867,0.170846364,0.560085742
22106,0.465373819,0.199043868,0.022057138,0.313525175
22107,0.130774247,0.07945519,0.454141753,0.335628809
22108,0.229571622,0.085738822,0.207815193,0.476874363
22109,0.284245219,0.330490156,0.072719319,0.312545306
22110,0.070180754,0.056736357,0.121907578,0.75117531
22111,0.246851251,0.150590733,0.124463243,0.478094773
22112,0.032540439,0.195869726,0.46128754,0.310302295
22113,0.037508968,0.42708917,0.145278907,0.390122956
22114,0.161528347,0.104651217,0.124777942,0.609042494
22115,0.123752271,0.12033949,0.061727423,0.694180816
22116,0.048640868,0.183921276,0.424098821,0.343339034
22117,0.234166438,0.159222335,0.391139892,0.215471335
22118,0.687471712,0.043353095,0.057387735,0.211787458
22119,0.080256132,0.512953136,0.097350309,0.309440423
22120,0.166043969,0.063682858,0.488147694,0.282125478
22121,0.103758519,0.309671916,0.210266965,0.3763026
22122,0.189129209,0.286945194,0.339895004,0.184030592
22123,0.11706302,0.37161232,0.286718834,0.224605826
22124,0.043309936,0.42404944,0.304136272,0.228504353
22125,0.23103529,0.146728627,0.222238972,0.399997111
22126,0.161514685,0.175094176,0.305809455,0.357581684
22127,0.45316815,0.116333724,0.209935846,0.22056228
22128,0.326666062,0.244029052,0.269182089,0.160122796
22129,0.08718974,0.107514603,0.142310528,0.662985129
22130,0.042154593,0.32767807,0.410581379,0.219585958
22131,0.579272555,0.07335055,0.166628418,0.180748476
22132,0.064173553,0.280127368,0.420391069,0.23530801
22133,0.055029317,0.098613752,0.584908983,0.261447947
22134,0.3622854,0.133930784,0.261570289,0.242213527
22135,0.644162684,0.025874544,0.037321198,0.292641574
22136,0.205753561,0.136147824,0.06721562,0.590882996
22137,0.469054194,0.080692802,0.111780259,0.338472745
22138,0.298261474,0.212464861,0.133401713,0.355871952
22139,0.111672803,0.413327431,0.164511708,0.310488057
22140,0.072258378,0.066598282,0.34000161,0.52114173
22141,0.056108424,0.275177822,0.189189075,0.47952468
22142,0.154633818,0.068367444,0.56906248,0.207936258
22143,0.258391647,0.117792763,0.293711267,0.330104322
22144,0.020073954,0.301594968,0.43236144,0.245969637
22145,0.113823706,0.21453707,0.297223096,0.374416128
22146,0.240897493,0.047366796,0.285283862,0.426451849
22147,0.391873152,0.080530338,0.165292694,0.362303816
22148,0.267283005,0.127319218,0.18651998,0.418877797
22149,0.091171708,0.350695,0.033257125,0.524876168
22150,0.102897104,0.075763012,0.53300535,0.288334534
22151,0.251780392,0.035637682,0.359955618,0.352626307
22152,0.181199827,0.073875496,0.066895606,0.678029071
22153,0.042074498,0.26639329,0.346283862,0.345248351
22154,0.119829274,0.450621884,0.148317465,0.281231377
22155,0.130686264,0.217395146,0.340254169,0.311664421
22156,0.059009839,0.45042525,0.054367548,0.436197363
22157,0.134208055,0.298090048,0.355156832,0.212545064
22158,0.102226332,0.314174255,0.101069487,0.482529926
22159,0.085755139,0.322861154,0.40442579,0.186957917
22160,0.088756555,0.262586893,0.131584315,0.517072237
22161,0.047769475,0.375535525,0.124921645,0.451773355
22162,0.061179924,0.225672652,0.351365633,0.361781791
22163,0.378597245,0.075569753,0.086941062,0.45889194
22164,0.05390505,0.042294633,0.54494843,0.358851887
22165,0.05078035,0.406121552,0.186390153,0.356707945
22166,0.335518821,0.438318951,0.067491924,0.158670304
22167,0.321656813,0.321491786,0.17585243,0.180998971
22168,0.186562337,0.119411422,0.333428016,0.360598225
22169,0.291758125,0.048442664,0.225431904,0.434367307
22170,0.091143879,0.14973483,0.477961325,0.281159967
22171,0.090026755,0.339281672,0.328140935,0.242550637
22172,0.074115208,0.12790473,0.071394143,0.726585919
22173,0.118927873,0.553605583,0.070081363,0.257385181
22174,0.489564246,0.134959919,0.042321599,0.333154236
22175,0.121919432,0.41434663,0.127826749,0.335907189
22176,0.264514554,0.112206781,0.266263912,0.357014753
22177,0.183203953,0.082864021,0.156847649,0.577084377
22178,0.191470663,0.42354805,0.115261032,0.269720254
22179,0.060597551,0.342945935,0.046890575,0.549565939
22180,0.316184752,0.076051968,0.387148981,0.220614299
22181,0.07447725,0.565564543,0.051773439,0.308184768
22182,0.354758092,0.063112902,0.264720316,0.31740869
22183,0.205244799,0.407558371,0.07005702,0.317139809
22184,0.219482204,0.066451845,0.176858825,0.537207125
22185,0.212444197,0.237155012,0.089754938,0.460645853
22186,0.059007113,0.418298989,0.090460653,0.432233245
22187,0.124448109,0.181724565,0.053818867,0.640008459
22188,0.25982764,0.229458412,0.280067591,0.230646357
22189,0.265832275,0.079391603,0.343223761,0.311552361
22190,0.079666386,0.41597735,0.152091387,0.352264877
22191,0.235510371,0.065325521,0.505454014,0.193710094
22192,0.135390238,0.208818573,0.189536801,0.466254387
22193,0.063262285,0.145605144,0.111495188,0.679637383
22194,0.224728749,0.291234566,0.040330937,0.443705748
22195,0.236248608,0.460591779,0.150639656,0.152519957
22196,0.233237729,0.057730285,0.088558514,0.620473471
22197,0.106302705,0.4053637,0.051867213,0.436466381
22198,0.06983272,0.046409776,0.091518139,0.792239365
22199,0.530744005,0.061662484,0.077550264,0.330043248
22200,0.379759587,0.0642914,0.118337958,0.437611055
22201,0.196799963,0.41372455,0.123632206,0.265843281
22202,0.434745733,0.217776189,0.066730065,0.280748013
22203,0.320547582,0.321619571,0.0655295,0.292303347
22204,0.116996926,0.23312108,0.042216324,0.60766567
22205,0.383538443,0.192231437,0.150918622,0.273311498
22206,0.065096187,0.161695701,0.373732584,0.399475528
22207,0.097532499,0.071641379,0.371696854,0.459129269
22208,0.357357994,0.300102684,0.06600878,0.276530542
22209,0.114386019,0.084640704,0.053983848,0.746989429
22210,0.098003012,0.171650203,0.192324951,0.538021834
22211,0.140459329,0.24110535,0.059819107,0.558616214
22212,0.033797534,0.474835755,0.323148423,0.168218288
22213,0.13280458,0.306659935,0.162308337,0.398227148
22214,0.084965593,0.312317737,0.299335408,0.303381262
22215,0.069246227,0.095799229,0.630379967,0.204574576
22216,0.43537799,0.159309302,0.09339926,0.311913447
22217,0.118554752,0.11763636,0.467428366,0.296380523
22218,0.095768856,0.473735677,0.061394082,0.369101385
22219,0.448683148,0.072035647,0.1247051,0.354576106
22220,0.67420797,0.03975861,0.090208803,0.195824617
22221,0.071401972,0.26813582,0.090248848,0.570213359
22222,0.670309154,0.102264686,0.037803542,0.189622619
22223,0.208431365,0.492246996,0.05629039,0.243031249
22224,0.243406862,0.135329426,0.206273334,0.414990378
22225,0.474050417,0.257268464,0.161059515,0.107621603
22226,0.127480934,0.065904278,0.528877915,0.277736873
22227,0.438309197,0.192930226,0.22014662,0.148613957
22228,0.036573148,0.561611522,0.15917238,0.24264295
22229,0.208996339,0.442508758,0.137299885,0.211195018
22230,0.204332909,0.084174331,0.535750108,0.175742652
22231,0.471667585,0.212129145,0.137222641,0.178980629
22232,0.266533201,0.186240135,0.088471912,0.458754752
22233,0.100129364,0.093170926,0.265678914,0.541020795
22234,0.182722662,0.469412091,0.040489667,0.307375579
22235,0.187599551,0.069695111,0.150008009,0.592697329
22236,0.597398841,0.087570342,0.047702564,0.267328253
22237,0.412460889,0.062668838,0.232877119,0.291993154
22238,0.037282098,0.205485689,0.456291551,0.300940662
22239,0.137686614,0.492534401,0.133231736,0.236547249
22240,0.137324858,0.325877288,0.168449574,0.36834828
22241,0.366132691,0.129565689,0.131815528,0.372486092
22242,0.475626238,0.104835942,0.064940577,0.354597243
22243,0.040011457,0.631668113,0.037972502,0.290347928
22244,0.303678588,0.370096355,0.127828558,0.198396499
22245,0.531627343,0.086851053,0.058594128,0.322927476
22246,0.19204092,0.470006896,0.110156059,0.227796125
22247,0.097582594,0.074372222,0.541770658,0.286274525
22248,0.369362881,0.078406084,0.406216077,0.146014959
22249,0.092200279,0.158119603,0.221208015,0.528472103
22250,0.418726379,0.04110082,0.173118027,0.367054774
22251,0.12935405,0.116206799,0.375845289,0.378593862
22252,0.125301731,0.075670565,0.380378999,0.418648705
22253,0.261443493,0.393442008,0.039843304,0.305271195
22254,0.049163011,0.141905149,0.384037775,0.424894065
22255,0.108675426,0.072617351,0.26341689,0.555290333
22256,0.34481577,0.059548191,0.212426896,0.383209143
22257,0.400498221,0.057517273,0.262078317,0.279906189
22258,0.069259004,0.365486399,0.26613583,0.299118767
22259,0.191180428,0.096454636,0.199432367,0.512932568
22260,0.050886512,0.098330461,0.393757293,0.457025734
22261,0.210094726,0.11492814,0.360373867,0.314603267
22262,0.307694184,0.261533622,0.181787999,0.248984194
22263,0.088648141,0.330652413,0.065774452,0.514924994
22264,0.398340599,0.296857925,0.080929868,0.223871607
22265,0.199953131,0.07807261,0.453135084,0.268839175
22266,0.144081089,0.081949071,0.327053637,0.446916203
22267,0.054843879,0.064215949,0.458813379,0.422126793
22268,0.251190833,0.291222557,0.132733405,0.324853205
22269,0.241972,0.540696509,0.017233428,0.200098063
22270,0.097116356,0.234306084,0.293465126,0.375112434
22271,0.127188176,0.338219349,0.328024974,0.206567501
22272,0.214413042,0.417133632,0.105041647,0.263411679
22273,0.268438854,0.242706911,0.204584898,0.284269336
22274,0.180935065,0.398637028,0.038958427,0.38146948
22275,0.11563133,0.499200628,0.168048003,0.217120038
22276,0.056318173,0.191795742,0.356878526,0.395007559
22277,0.238032063,0.12901807,0.428856218,0.204093649
22278,0.076835368,0.29709084,0.330007719,0.296066073
22279,0.429640099,0.219443626,0.051061407,0.299854868
22280,0.227614915,0.129116093,0.201139551,0.442129441
22281,0.608208667,0.056597246,0.098463407,0.23673068
22282,0.076047099,0.286320438,0.426854833,0.210777629
22283,0.064527456,0.226456624,0.228834608,0.480181313
22284,0.262497943,0.102868478,0.410244097,0.224389482
22285,0.079701655,0.474572483,0.127833625,0.317892237
22286,0.125375502,0.047405909,0.535222813,0.291995776
22287,0.270410799,0.322991615,0.078753686,0.327843901
22288,0.387634867,0.127819667,0.14917282,0.335372646
22289,0.127292812,0.516778983,0.179631826,0.176296379
22290,0.377387896,0.04997546,0.421314877,0.151321767
22291,0.60166509,0.069843766,0.100136329,0.228354815
22292,0.270961889,0.163342685,0.276241127,0.2894543
22293,0.164884282,0.48034557,0.083944062,0.270826086
22294,0.281951204,0.149212518,0.138850945,0.429985333
22295,0.154993067,0.240196095,0.428563763,0.176247075
22296,0.292398858,0.053232425,0.195215212,0.459153505
22297,0.164616277,0.192149333,0.382888422,0.260345968
22298,0.068704674,0.131234033,0.573268603,0.22679269
22299,0.022076137,0.765982518,0.038344429,0.173596916
22300,0.574963734,0.217111787,0.060361964,0.147562514
22301,0.043467307,0.294147606,0.50191789,0.160467196
22302,0.152266685,0.475126814,0.134133984,0.238472518
22303,0.423401623,0.127532498,0.180855297,0.268210583
22304,0.215087672,0.444538163,0.057926391,0.282447774
22305,0.216200997,0.352767449,0.313615194,0.117416359
22306,0.235624001,0.222595233,0.414488546,0.127292219
22307,0.08046736,0.233548197,0.060575628,0.625408815
22308,0.143207831,0.210512157,0.229457509,0.416822504
22309,0.369192822,0.056804137,0.049494636,0.524508405
22310,0.263620657,0.049840923,0.212988988,0.473549432
22311,0.193136938,0.333802458,0.11010175,0.362958854
