"No","Ch1","Ch2","Ch3","Ch4"
21566,0.098356785900104,0.254833889970048,0.271633163737015,0.375176160392833
21567,0.0541849177243655,0.323511710682917,0.400562671907623,0.221740699685095
21568,0.211844560736302,0.514635816324076,0.0788933546054756,0.194626268334147
21569,0.487121484888257,0.208154469690901,0.210754214540085,0.0939698308807567
21570,0.0648917828032439,0.250893827598091,0.519244970979046,0.164969418619619
21571,0.0637275359515606,0.626221291222672,0.151644362293292,0.158406810532475
21572,0.0850450305962223,0.187763145325771,0.486632764303158,0.240559059774849
21573,0.0868830569878923,0.248067057937627,0.222928096545834,0.442121788528647
21574,0.0801954765001572,0.282194132767781,0.432333596664808,0.205276794067254
21575,0.0517297148140991,0.181673889544879,0.55498178871409,0.211614606926932
21576,0.233204178088314,0.104922604386856,0.266118027907669,0.395755189617161
21577,0.264141240269229,0.0778104686372993,0.498612088018998,0.159436203074474
21578,0.421678992049804,0.242040145027053,0.101585854053259,0.234695008869884
21579,0.0613763535697256,0.273111205166663,0.223887284022604,0.441625157241007
21580,0.0629544727383554,0.53704963907331,0.157446866017011,0.242549022171324
21581,0.412676052890954,0.223424322875281,0.091120540158924,0.272779084074842
21582,0.0664629464117646,0.231287457293271,0.409099136057134,0.29315046023783
21583,0.0711890288124622,0.253373258239192,0.212655936237073,0.462781776711272
21584,0.198659943507794,0.291153180363737,0.0930097616649234,0.417177114463545
21585,0.400824758215381,0.226386838642762,0.0787564399093578,0.294031963232499
21586,0.0898537123422215,0.511844094945067,0.194258189257206,0.204044003455505
21587,0.0527715033629692,0.548777542075539,0.182321082109362,0.21612987245213
21588,0.0518147520058351,0.147099394997273,0.518822444563748,0.282263408433144
21589,0.155897975694769,0.0686994345723719,0.51797579669732,0.257426793035539
21590,0.053007776630215,0.16381108456317,0.516771852690977,0.266409286115638
21591,0.0495508475148848,0.205136433488851,0.43872286304548,0.306589855950784
21592,0.155843085960961,0.304931114757734,0.0572963068232886,0.481929492458016
21593,0.501535412800085,0.211538867210916,0.0673125697475194,0.21961315024148
21594,0.0740828580489846,0.184253856784181,0.22918281057744,0.512480474589394
21595,0.264718953836923,0.196961513570492,0.0566868518428436,0.481632680749741
21596,0.157993126070261,0.607828633574243,0.0445641614734938,0.189614078882003
21597,0.261758128801732,0.292434215482575,0.0560221052516809,0.389785550464012
21598,0.0571077963935505,0.398730001293506,0.309163594776296,0.234998607536647
21599,0.210337951231277,0.424397133322789,0.281958690595472,0.0833062248504622
21600,0.126505207293339,0.221552545445512,0.0580863558752463,0.593855891385902
21601,0.062738930387818,0.201913499093425,0.187777360549186,0.547570209969571
21602,0.0422373606807534,0.439856679935581,0.31101808606997,0.206887873313696
21603,0.325162025778308,0.0691081241450611,0.146483218347436,0.459246631729194
21604,0.0390149780169753,0.209328681371142,0.436383580795733,0.31527275981615
21605,0.164180898856119,0.0428634323182735,0.491950491437758,0.301005177387849
21606,0.18691580538594,0.043556017329947,0.409083535775543,0.36044464150857
21607,0.453843844913965,0.146391193652751,0.0395147900146849,0.360250171418598
21608,0.188769546268654,0.441799954460819,0.0412593555863515,0.328171143684175
21609,0.0920688481833136,0.0456059356289928,0.371627644938208,0.490697571249485
21610,0.278437546134621,0.272302136816334,0.0394038059945586,0.409856511054487
21611,0.0375797531268339,0.124268168909999,0.476494370144124,0.361657707819043
21612,0.573407733612421,0.0555635073065103,0.236112040498718,0.134916718582351
21613,0.0401710334777479,0.215238066312495,0.301622247832708,0.442968652377049
21614,0.038514145299428,0.400002950131249,0.266523739051309,0.294959165518013
21615,0.212344648187813,0.319145144824926,0.0386487019703198,0.429861505016942
21616,0.16942109410007,0.0312741548976326,0.609040460005928,0.19026429099637
21617,0.0811214194454506,0.252726734842261,0.232863802117919,0.433288043594369
21618,0.186653927234775,0.0527618867739069,0.227745672030751,0.532838513960567
21619,0.179304092481748,0.172744755010709,0.0545989733223333,0.59335217918521
21620,0.0912431081809775,0.649075900963162,0.0371547642261616,0.222526226629699
21621,0.0683724028385773,0.302018578281654,0.152497254895708,0.477111763984061
21622,0.0546585390350777,0.253007164412829,0.14427213049766,0.548062166054433
21623,0.276683452637294,0.417734195824896,0.224121016657531,0.0814613348802787
21624,0.444506301269256,0.319756639704875,0.16054010682573,0.0751969522001394
21625,0.0808466871755453,0.25447716431661,0.45825846878339,0.206417679724455
21626,0.440920120754572,0.269802378238072,0.20538873384629,0.0838887671610656
21627,0.189476653362352,0.26792024007687,0.452528409025689,0.090074697535089
21628,0.204355344581314,0.561050670871201,0.179767159886242,0.0548268246612431
21629,0.504602891299415,0.224320331624611,0.184532346072391,0.0865444310035837
21630,0.089928575620834,0.393878196160075,0.241611653132669,0.274581575086422
21631,0.201813905978446,0.215726595857859,0.523615856132056,0.0588436420316395
21632,0.190776668931496,0.264778773927816,0.455513799228463,0.088930757912226
21633,0.0906600853414541,0.420789861285881,0.244281341397749,0.244268711974916
21634,0.21630114967725,0.571498329836121,0.161846636076384,0.0503538844102448
21635,0.130550425134843,0.631746395826541,0.184078418152613,0.0536247608860025
21636,0.501643469285942,0.214180137704893,0.198278133390149,0.0858982596190161
21637,0.422605192085869,0.33193665462139,0.169283522407372,0.0761746308853684
21638,0.210953894514728,0.449014911687756,0.27433756218429,0.0656936316132269
21639,0.233932280076197,0.538665759399491,0.154973115247784,0.0724288452765279
21640,0.459774255885746,0.279957815883568,0.19690365641675,0.0633642718139359
21641,0.270317976977276,0.293483471809358,0.374960320747119,0.0612382304662468
21642,0.499326009755591,0.194236400343671,0.220558358378174,0.0858792315225642
21643,0.0635811267965321,0.245256466646313,0.532722787711248,0.158439618845907
21644,0.396534319649717,0.26933911879801,0.0881285422432993,0.245998019308973
21645,0.0613425310534709,0.590862282345554,0.180244461985022,0.167550724615953
21646,0.0848865388114374,0.241222522087293,0.489571751276405,0.184319187824865
21647,0.202576782158486,0.0968863901972399,0.49124620090442,0.209290626739854
21648,0.285626963800358,0.169251750838474,0.46674338562251,0.0783778997386587
21649,0.531321580078067,0.136319488118535,0.2695664590814,0.0627924727219989
21650,0.0794344832822343,0.284891134367649,0.422112466065838,0.213561916284278
21651,0.514146991007611,0.0603287215896413,0.173383945576585,0.252140341826163
21652,0.187267604278868,0.0770910951266551,0.264288326959382,0.471352973635095
21653,0.599803981589742,0.184975156505398,0.05235868283,0.16286217907486
21654,0.660765513390739,0.0592487881055394,0.142873284007841,0.137112414495881
21655,0.303435482298264,0.0542401051826213,0.502399171503749,0.139925241015366
21656,0.504139469388328,0.0694289493512521,0.203333988546987,0.223097592713433
21657,0.560492295522739,0.0714240143964553,0.16963968571054,0.198444004370266
21658,0.548384520053776,0.075137681198163,0.196237960205316,0.180239838542744
21659,0.560524134526292,0.0646703101572809,0.175400682369176,0.199404872947251
21660,0.180056188456333,0.0695130506977872,0.25563002617571,0.49480073467017
21661,0.244183047389354,0.24168489750114,0.0973816423489979,0.416750412760508
21662,0.120211643790713,0.610602864479976,0.0527591300389273,0.216426361690384
21663,0.0589892286087651,0.158331006600389,0.598720930717503,0.183958834073343
21664,0.0644389819689504,0.254595780334148,0.239143853039652,0.44182138465725
21665,0.416583466495406,0.233107377363132,0.0809526239239293,0.269356532217533
21666,0.0619481769037142,0.417762729751451,0.178116696901135,0.342172396443699
21667,0.0460433896461048,0.430121260826387,0.192003602285401,0.331831747242107
21668,0.281214707166966,0.26911409290463,0.0796441269721381,0.370027072956265
21669,0.199591482519246,0.295942354057677,0.0622368901182863,0.442229273304791
21670,0.137292875118176,0.541081522920638,0.050437504452679,0.271188097508507
21671,0.0387458872459467,0.443471183026245,0.38375254186969,0.134030387858119
21672,0.0562247058991776,0.221915888568688,0.32715861489934,0.394700790632795
21673,0.308675021788086,0.281142226443601,0.0443584862960064,0.365824265472307
21674,0.421648229516226,0.0734659545421692,0.211841191754561,0.293044624187044
21675,0.32730086185227,0.158902906594735,0.0536130471616487,0.460183184391347
21676,0.0433773619715331,0.693069381675839,0.116013716969612,0.147539539383015
21677,0.552593537488533,0.0518944721033526,0.213275423260209,0.182236567147905
21678,0.148269412423374,0.45481076322922,0.337970119886882,0.0589497044605242
21679,0.138805840766972,0.529428607351247,0.0356821533883811,0.2960833984934
21680,0.249936395128919,0.0659037571382753,0.468929948305897,0.215229899426908
21681,0.26191205768039,0.17876237835343,0.0825438320368741,0.476781731929305
21682,0.283750315269172,0.277482227995648,0.0607194352919242,0.378048021443255
21683,0.258854620347787,0.0668533798386568,0.254943952010708,0.419348047802848
21684,0.242874439532064,0.0856381194343339,0.180863093900047,0.490624347133555
21685,0.0570975206281671,0.252266743860872,0.131609727618666,0.559026007892295
21686,0.060113796333725,0.446219668341526,0.224271391013424,0.269395144311325
21687,0.177399415508372,0.0731625299353112,0.336036543553438,0.413401511002878
21688,0.204696146329068,0.170882949464033,0.0735543340342778,0.550866570172621
21689,0.193885569209383,0.590223961915397,0.0471087596233051,0.168781709251915
21690,0.561244854260044,0.241716228064297,0.0420642445082493,0.15497467316741
21691,0.143938537123058,0.570327215050343,0.0527236517304661,0.233010596096132
21692,0.0354493186503207,0.274632809000007,0.472842127842402,0.21707574450727
21693,0.115791100196725,0.588275348440287,0.0383773695215332,0.257556181841455
21694,0.0643106348836974,0.252966225229555,0.142761450513516,0.539961689373232
21695,0.326250240878574,0.40973486047895,0.183289224678797,0.0807256739636788
21696,0.49065735975523,0.208495412176473,0.0535095889041764,0.247337639164121
21697,0.450504352687404,0.0928486010224475,0.226949950243192,0.229697096046956
21698,0.178190948851567,0.0548227240234565,0.568032237531945,0.198954089593031
21699,0.311838292284061,0.4354994834176,0.0335144016500483,0.219147822648291
21700,0.278205228466307,0.20788980850807,0.0634615938331875,0.450443369192436
21701,0.368104083509805,0.126743670991157,0.052750959299726,0.452401286199311
21702,0.0602645194359491,0.356026873999556,0.15421223529266,0.429496371271835
21703,0.131068604797796,0.252150607830432,0.0563566067030356,0.560424180668737
21704,0.0584006312236247,0.212970435518936,0.399899524851448,0.328729408405992
21705,0.118419318514612,0.0491344140453873,0.358577899318953,0.473868368121048
21706,0.0506282760618062,0.327630660432672,0.112514869308776,0.509226194196746
21707,0.0575817177783017,0.472018612521352,0.13738133514597,0.333018334554377
21708,0.0403767227379,0.475769348111137,0.143944122418429,0.339909806732534
21709,0.183808822033012,0.150784445187034,0.0410474953038093,0.624359237476145
21710,0.251625131796674,0.105767973203664,0.0512402138207322,0.591366681178929
21711,0.0367237757925279,0.33952600655395,0.23721506399424,0.386535153659283
21712,0.0929494317098309,0.245862927413454,0.045118073761188,0.616069567115527
21713,0.531180886367122,0.153685529841169,0.0536831419876832,0.261450441804026
21714,0.0917706310329231,0.532000573989709,0.0399939777550027,0.336234817222365
21715,0.444722314461674,0.0688472285199649,0.182085901646151,0.30434455537221
21716,0.0468561986948327,0.148813447770523,0.148651905123301,0.655678448411343
21717,0.154896886092472,0.0388843626151391,0.321756373491815,0.484462377800573
21718,0.243429903578581,0.404450095587961,0.0391150922057482,0.313004908627709
21719,0.178178401433164,0.0839203778504738,0.171654424052816,0.566246796663546
21720,0.364250019805628,0.166985975829914,0.0504140435813222,0.418349960783136
21721,0.0659086880354262,0.205472006538732,0.434270144839822,0.294349160586019
21722,0.535562355271709,0.164638489216881,0.0596318043919965,0.240167351119413
21723,0.135143519198867,0.228837856150881,0.0674453754639972,0.568573249186255
21724,0.41474860858516,0.0866693759531028,0.19285954831377,0.305722467147968
21725,0.0536917463304647,0.223278171964846,0.142696527404591,0.580333554300098
21726,0.0358210809321634,0.288555381738746,0.290550490614021,0.385073046715069
21727,0.218013885962478,0.0531110860434461,0.472285581693423,0.256589446300653
21728,0.115799433116873,0.057040394881268,0.265579581098222,0.561580590903636
21729,0.192679962133812,0.204155377030016,0.0530434880787764,0.550121172757395
21730,0.313960169118098,0.118072371378033,0.0521767366428455,0.515790722861024
21731,0.240442003077851,0.0758470264634884,0.405131135673178,0.278579834785482
21732,0.225659304368307,0.186586427078555,0.047788218817334,0.539966049735804
21733,0.459730801477987,0.277940148369613,0.0593331512632595,0.202995898889141
21734,0.0501258182355939,0.572852194663584,0.150197263945658,0.226824723155164
21735,0.191002395907252,0.222603431516209,0.0546575923150639,0.531736580261476
21736,0.554167046037963,0.195968099399949,0.0466486345726014,0.203216219989487
21737,0.246327138106145,0.190774429175511,0.474390295038032,0.0885081376803119
21738,0.390236057813456,0.257125175080652,0.279108949060129,0.0735298180457627
21739,0.196107913597258,0.437938708417979,0.295433632671994,0.0705197453127688
21740,0.0639205770610008,0.549499661543132,0.25368726014507,0.132892501250798
21741,0.0765120247309515,0.435338540286122,0.239427527989556,0.248721906993371
21742,0.202737051141992,0.283296296582167,0.417385318841287,0.0965813334345541
21743,0.492576638930573,0.214498801274048,0.0693097085177061,0.223614851277673
21744,0.422056936479981,0.194228833295764,0.311968330061836,0.0717459001624201
21745,0.241403972392553,0.0914908132667798,0.37974710908283,0.287358105257837
21746,0.255321188677932,0.474701213052712,0.0667806689050012,0.203196929364356
21747,0.462287193836662,0.339937559786219,0.0652248150893941,0.132550431287725
21748,0.294707203035374,0.438861816107951,0.18324135691895,0.083189623937725
21749,0.0635883890116752,0.461541125851503,0.24872533254526,0.226145152591562
21750,0.0614270414798635,0.167629494883086,0.52206177235081,0.24888169128624
21751,0.490896248136354,0.0609958650931275,0.311458169776011,0.136649716994507
21752,0.484501457644355,0.0740673281604266,0.16040850276418,0.281022711431038
21753,0.403217643400727,0.103036961313579,0.219180171194281,0.274565224091413
21754,0.0563592942838911,0.495188313452375,0.146081552455992,0.302370839807742
21755,0.0797207706869001,0.240256290466559,0.274113458955757,0.405909479890784
21756,0.0623919384560399,0.356089967405239,0.136140964719289,0.445377129419432
21757,0.159445437447683,0.448598281665811,0.0365127242577178,0.355443556628788
21758,0.154500826408734,0.292176201970115,0.0702670079286861,0.483055963692465
21759,0.312979673660141,0.423991015580283,0.0777520436843834,0.185277267075192
21760,0.130187704225082,0.0417108762507897,0.303499540558842,0.524601878965287
21761,0.0349928570936421,0.152831880811198,0.4756672262209,0.33650803587426
21762,0.0744790702611927,0.665878136612955,0.0321075848652223,0.22753520826063
21763,0.377137293120357,0.0916983636720596,0.0402157270059283,0.490948616201655
21764,0.195456019851687,0.028473866953084,0.497348524773569,0.278721588421659
21765,0.354832037246022,0.0535862813606174,0.131180486269752,0.460401195123608
21766,0.0806948095844186,0.341723686489014,0.0400188539538503,0.537562649972718
21767,0.0378917426515516,0.173616723519001,0.327450651488955,0.461040882340492
21768,0.0493222565992898,0.272956949217,0.381400295714478,0.296320498469232
21769,0.125399502285789,0.15918887323341,0.0398471599284309,0.67556446455237
21770,0.0492598002674147,0.332526735850871,0.208917457717309,0.409296006164405
21771,0.0312542102521973,0.106689790758185,0.356713681643101,0.505342317346516
21772,0.0561140358078527,0.244011600891216,0.256771902021011,0.44310246127992
21773,0.211706054185285,0.330511498707608,0.0620451848738433,0.395737262233264
21774,0.0290828008724187,0.158407644200304,0.494066025939258,0.31844352898802
21775,0.226363287698771,0.264006330988352,0.100622045148536,0.409008336164341
21776,0.461754007671316,0.209950130901125,0.0872785397364946,0.241017321691064
21777,0.0511477936237812,0.127836363434061,0.468975704529415,0.352040138412743
21778,0.282777920735035,0.184457847300333,0.0773235549108496,0.455440677053782
21779,0.336709637469435,0.187932305800926,0.0613519657983061,0.414006090931333
21780,0.148936635263484,0.0724643189325921,0.445415861858268,0.333183183945655
21781,0.0491480433949451,0.14378156950069,0.5555336985294,0.251536688574965
21782,0.434945805112372,0.0619783450460625,0.280932951729278,0.222142898112288
21783,0.260036346720703,0.155012623494696,0.0734577551975848,0.511493274587016
21784,0.614394956058751,0.202675724914218,0.0484819030718605,0.13444741595517
21785,0.061794410501217,0.519912285716156,0.270830181883315,0.147463121899312
21786,0.0662600095875102,0.174185749027325,0.207420139185466,0.552134102199699
21787,0.121973555828387,0.648563222286344,0.0408252449796011,0.188637976905668
21788,0.379181527665878,0.243042629997434,0.0497678218927814,0.328008020443907
21789,0.0540655033591033,0.22587350072237,0.169305086388932,0.550755909529595
21790,0.48820688485489,0.142813007122712,0.0580632720334761,0.310916835988921
21791,0.20840499449826,0.192201334576381,0.0699175675744872,0.529476103350872
21792,0.0488241979202068,0.245101582043719,0.415403000745218,0.290671219290856
21793,0.0626598797283414,0.184640263802921,0.526441917514584,0.226257938954154
21794,0.0379149714924594,0.439381171301375,0.260270888017073,0.262432969189092
21795,0.253925802427352,0.0473263247658323,0.439125055485354,0.259622817321462
21796,0.0972509718332988,0.253230419626896,0.212277944081429,0.437240664458376
21797,0.273892030709751,0.417732327800487,0.063165219500356,0.245210421989406
21798,0.438922596504538,0.0481511136116112,0.208380407231164,0.304545882652687
21799,0.131342063554371,0.0630248317083747,0.146858941956378,0.658774162780876
21800,0.044919872065857,0.110304174348562,0.278318516687282,0.566457436898299
21801,0.0641770843243732,0.167407126724213,0.268531704177597,0.499884084773817
21802,0.0381781649993265,0.177130682040453,0.344701624133686,0.439989528826535
21803,0.042696324678828,0.112356552179344,0.476488133587121,0.368458989554707
21804,0.249436051549419,0.409917524740746,0.071020974148305,0.26962544956153
21805,0.496868276449329,0.0540169018107549,0.133880863206213,0.315233958533703
21806,0.0508959000147286,0.333263056005417,0.15368211035686,0.462158933622994
21807,0.0610522054085521,0.332074437180381,0.124434989883648,0.482438367527418
21808,0.206267553861662,0.066208503600378,0.1506435911898,0.57688035134816
21809,0.480371152937617,0.104582592473711,0.0441767213653147,0.370869533223357
21810,0.591667696609454,0.0540953165689358,0.167657546890643,0.186579439930967
21811,0.154765225737067,0.530972130422905,0.240679473732034,0.073583170107994
21812,0.117075179301012,0.0541601074132042,0.467129363479033,0.361635349806751
21813,0.198559138665979,0.466015935352257,0.0541154386595819,0.281309487322182
21814,0.0629554893292866,0.390926489229648,0.262787166625465,0.2833308548156
21815,0.202390291566523,0.0578503270376401,0.308771709643943,0.430987671751894
21816,0.223682095252435,0.441947075355592,0.0601394950885165,0.274231334303457
21817,0.159855487731638,0.0755194182414965,0.481282308138102,0.283342785888764
21818,0.137114027425274,0.0599874088009598,0.274514497712348,0.528384066061417
21819,0.0697280317869453,0.176734725458465,0.140038755698907,0.613498487055682
21820,0.574801795377247,0.14721882953487,0.0656382511302933,0.212341123957589
21821,0.063018717550818,0.15296127155156,0.433969058593344,0.350050952304278
21822,0.341025803462064,0.412233598003903,0.050554898234516,0.196185700299517
21823,0.0572500945352693,0.284386525506925,0.279100676982628,0.379262702975178
21824,0.0589001325543369,0.443644422853414,0.250616772452442,0.246838672139807
21825,0.0472379469028894,0.299250062465118,0.122465081557335,0.531046909074658
21826,0.190216066105682,0.439247014101507,0.286905377483459,0.0836315423093515
21827,0.0527538243438645,0.149192299270473,0.521038026236688,0.277015850148974
21828,0.0518491437740123,0.480642711424352,0.115210627973211,0.352297516828425
21829,0.0635106777440853,0.187133745762393,0.442310569093915,0.307045007399606
21830,0.160202577069414,0.0790451563884342,0.298479403077028,0.462272863465124
21831,0.208346648081761,0.205441307844507,0.058135455866325,0.528076588207407
21832,0.173885858425345,0.416454789084831,0.057075236769913,0.352584115719911
21833,0.521953771520059,0.0597306392301164,0.21761919984223,0.200696389407595
21834,0.539833037346103,0.0830832148696869,0.169351067247831,0.207732680536379
21835,0.0623847636795025,0.293910750638783,0.183877356952878,0.459827128728837
21836,0.0521750752344996,0.133563762979257,0.482309272124348,0.331951889661896
21837,0.138570640472607,0.0613716933973243,0.2935128637887,0.506544802341369
21838,0.155632057885858,0.070630006908054,0.525949025548494,0.247788909657594
21839,0.0551599048802733,0.449235924513234,0.153592539399538,0.342011631206955
21840,0.467936836853587,0.0808750937453327,0.205882883026727,0.245305186374353
21841,0.318502117210076,0.0843442687772303,0.182017675902491,0.415135938110203
21842,0.0469906876353689,0.19429225227078,0.452487554584837,0.306229505509014
21843,0.330744939926196,0.0613289684647936,0.175381722535464,0.432544369073546
21844,0.0466003677315536,0.448260826751544,0.202073202775464,0.303065602741438
21845,0.214614661721046,0.0726364469830812,0.214385356800575,0.498363534495299
21846,0.0617621289550456,0.351652812452825,0.171394410689762,0.415190647902368
21847,0.395678329254602,0.0559076725806507,0.234765331049987,0.313648667114761
21848,0.143879326584378,0.164353784875823,0.0717375883340673,0.620029300205732
21849,0.396547579540616,0.348195130460628,0.0429870414776052,0.212270248521151
21850,0.357226820732935,0.157998740704082,0.0608880540006908,0.423886384562293
21851,0.160396294899828,0.575934630580452,0.048474537029604,0.215194537490116
21852,0.421456500596321,0.190623187789717,0.0808516478623371,0.307068663751624
21853,0.0613193071801881,0.15898159212792,0.451689388676523,0.32800971201537
21854,0.337798771524587,0.0694837848757085,0.169679436321312,0.423038007278392
21855,0.0610423378200497,0.305756690217314,0.141128366255192,0.492072605707445
21856,0.525477496358545,0.169798703386504,0.222523068297835,0.0822007319571163
21857,0.12889641511455,0.438218892802405,0.0575030503539715,0.375381641729074
21858,0.485271569505483,0.136701884586901,0.0383405422193344,0.339686003688281
21859,0.37362847068332,0.0553800059275073,0.128071358216543,0.44292016517263
21860,0.539459693424479,0.204292414609549,0.0537624700119062,0.202485421954066
21861,0.0588516050957018,0.177309374353119,0.510835170145916,0.253003850405263
21862,0.0356998603314155,0.523965100585194,0.179525435662409,0.260809603420982
21863,0.0473895328267096,0.300888654277234,0.170231333558019,0.481490479338037
21864,0.270340161045624,0.44605175507782,0.0488746119141392,0.234733471962416
21865,0.0592334445458654,0.266142717748277,0.450450625989145,0.224173211716712
21866,0.165773185110293,0.0688430742510555,0.473038284063488,0.292345456575163
21867,0.0531331601141071,0.106409414385534,0.183867217700513,0.656590207799846
21868,0.12090845333814,0.0531792655061206,0.352314949991429,0.473597331164311
21869,0.239286119983131,0.0507518767533873,0.14348195315923,0.566480050104252
21870,0.219774123057236,0.108581568007456,0.401188121892186,0.270456187043122
21871,0.632566966963323,0.1385614147694,0.0616331254573159,0.167238492809961
21872,0.039884601778709,0.470380832629358,0.304882058941789,0.184852506650144
21873,0.435837349345886,0.305276691176568,0.217148082558794,0.0417378769187515
21874,0.053425718440716,0.619483247574698,0.162490084439361,0.164600949545225
21875,0.422223342691613,0.343020422287317,0.0602966312422855,0.174459603778784
21876,0.658655877399757,0.139285272166326,0.137261230836252,0.0647976195976652
21877,0.0556237219014149,0.481348319178906,0.137878799293263,0.325149159626416
21878,0.400674309980577,0.460660474815988,0.097689990692428,0.0409752245110064
21879,0.214429480253899,0.304713069099964,0.0693422586579683,0.411515191988169
21880,0.570328602394058,0.138497405095004,0.23294211030094,0.0582318822099984
21881,0.0680896331265191,0.314336153132804,0.214907772856265,0.402666440884412
21882,0.210410967348576,0.099655769471971,0.213245751524437,0.476687511655016
21883,0.057895060469339,0.397446242343491,0.215016205778718,0.329642491408453
21884,0.183963721493133,0.540034683073311,0.0398122478479576,0.236189347585598
21885,0.0523097129024004,0.509465653966721,0.114436537093608,0.32378809603727
21886,0.25865115978196,0.21527862904561,0.0703896262326154,0.455680584939815
21887,0.197558811814829,0.0585248503584539,0.487384269167778,0.256532068658939
21888,0.0497818494914919,0.260221202012098,0.481446894446529,0.208550054049881
21889,0.0765153812406772,0.234893909822067,0.253483964655347,0.435106744281909
21890,0.212571147676213,0.0850854230954224,0.207282313186699,0.495061116041665
21891,0.433443569218798,0.0691960259088021,0.275235018969656,0.222125385902743
21892,0.0644198197006427,0.287324093119431,0.141125849771518,0.507130237408409
21893,0.138710333044769,0.291200344424671,0.0679240899183764,0.502165232612184
21894,0.0626747987837744,0.134649507156175,0.256404147245688,0.546271546814363
21895,0.0469420632843423,0.137647785220959,0.516172402749337,0.299237748745362
21896,0.37667014370647,0.0872905475980716,0.285849764058355,0.250189544637104
21897,0.0916748087269164,0.394308152709223,0.270614027759166,0.243403010804694
21898,0.0698321097773169,0.225761573849657,0.288056617748417,0.41634969862461
21899,0.171029298785453,0.0712469773468105,0.49999002832645,0.257733695541287
21900,0.0679389048215446,0.140862773563572,0.164979453492664,0.626218868122219
21901,0.157105198697391,0.502787465239572,0.0586073773598771,0.28149995870316
21902,0.0527072527418986,0.189790886045876,0.455901842827655,0.301600018384571
21903,0.0593415901763021,0.138224665287662,0.469490849354872,0.332942895181164
21904,0.166691907460251,0.0615841156856722,0.278640268426181,0.493083708427896
21905,0.0560833728282481,0.324956593480264,0.233321305214446,0.385638728477041
21906,0.0538949029068977,0.203887319117948,0.144148806394052,0.598068971581102
21907,0.0601949448926068,0.249344285233686,0.196672726034401,0.493788043839306
21908,0.406849238077749,0.206734900163165,0.0998654839826049,0.286550377776481
21909,0.223464895166424,0.0645657724473546,0.29613975007098,0.415829582315241
21910,0.447079127700516,0.200153553632606,0.0837203553287303,0.269046963338148
21911,0.249371880648153,0.505385619617526,0.0764146627044514,0.168827837029869
21912,0.185997458961431,0.479089930943238,0.0482692463069428,0.286643363788389
21913,0.0787983388154885,0.33211811047629,0.169535024488589,0.419548526219633
21914,0.129139225045744,0.0611788489424398,0.22152670503237,0.588155220979446
21915,0.178102673539228,0.0887981692888701,0.3159071123807,0.417192044791202
21916,0.140804252077707,0.0644611801395324,0.207959313211971,0.58677525457079
21917,0.0655334685473679,0.147166113938083,0.205696207575212,0.581604209939337
21918,0.0475504333830944,0.115683333212034,0.594879906930741,0.241886326474131
21919,0.196474724524569,0.0591315744458064,0.548470933433881,0.195922767595744
21920,0.0768506293400538,0.207433597499376,0.167852412860175,0.547863360300395
21921,0.124678864335559,0.579146152649288,0.0611792717741634,0.234995711240989
21922,0.401137447188486,0.262105077300012,0.0649395694213679,0.271817906090134
21923,0.154267294874528,0.0598329221800604,0.205284591984485,0.580615190960926
21924,0.165769888602939,0.0697297314577117,0.224725912126641,0.539774467812708
21925,0.441229333046494,0.100772099307221,0.205107955399626,0.252890612246658
21926,0.290565954956653,0.0529757384966632,0.14221446369299,0.514243842853694
21927,0.0556226680285932,0.138458573100175,0.32552000427437,0.480398754596862
21928,0.117777430882389,0.487093245880752,0.0516360511199652,0.343493272116893
21929,0.104593318604212,0.045785851012045,0.146302892461427,0.703317937922316
21930,0.0432723761412634,0.189778272381282,0.199516949158558,0.567432402318897
21931,0.0618079963284473,0.174220285519638,0.127201199692702,0.636770518459212
21932,0.0911989976085047,0.0441146230847612,0.33123884941532,0.533447529891414
21933,0.0449835657260585,0.272285871600238,0.0945390619094504,0.588191500764253
21934,0.0497056091880583,0.238117592193637,0.142352391662709,0.569824406955596
21935,0.0666338522187335,0.151264425320574,0.146678133949131,0.635423588511562
21936,0.167740005212032,0.184475391297807,0.0621185976034557,0.585666005886706
21937,0.0466623498793652,0.112184305735679,0.339586543172357,0.501566801212598
21938,0.0402357801211135,0.286112417979781,0.128413870671484,0.545237931227622
21939,0.0465109197992404,0.198222659799142,0.131720755886565,0.623545664515052
21940,0.29862576903389,0.179735237446439,0.0457979075715734,0.475841085948098
21941,0.101431678904876,0.0504795379274694,0.227690822813106,0.620397960354548
21942,0.0668768550727041,0.464241024718945,0.158146607463927,0.310735512744424
21943,0.0466055252878616,0.239311432901758,0.114127962635336,0.599955079175045
21944,0.0427387509079797,0.32254849276882,0.203151926760966,0.431560829562235
21945,0.0518057274116149,0.207294704870618,0.111175938945862,0.629723628771905
21946,0.279606034739798,0.227874841124375,0.08131768132795,0.411201442807877
21947,0.437725821217604,0.198168096416055,0.0648617971889717,0.299244285177369
21948,0.0572183224579819,0.452474590172575,0.21416899769377,0.276138089675673
21949,0.0633216135680884,0.291190963383326,0.155936286346027,0.489551136702558
21950,0.127342828350684,0.379498414708715,0.0537194211951848,0.439439335745416
21951,0.0535823768938296,0.215219904035514,0.286640032101972,0.444557686968684
21952,0.253289654891825,0.136855820220408,0.0525097663132727,0.557344758574495
21953,0.256511257245001,0.267950079843829,0.0560222279440889,0.419516434967082
21954,0.148724604321747,0.0615348305261187,0.151176911605165,0.638563653546969
21955,0.316481567769752,0.065359486096788,0.199559355985567,0.418599590147892
21956,0.0529760776580623,0.154844736977718,0.1628969799129,0.62928220545132
21957,0.299922003462665,0.0703788393734847,0.235306971596046,0.394392185567805
21958,0.0429467770938649,0.609311821946615,0.136756190756277,0.210985210203244
21959,0.130927665121245,0.164254709406196,0.0643990831003353,0.640418542372224
21960,0.127782040449052,0.442821922253953,0.0475806539478911,0.381815383349104
21961,0.172501381076333,0.078466158767772,0.316306721961599,0.432725738194296
21962,0.529513309473508,0.16712487645909,0.0563971023029591,0.246964711764443
21963,0.0516387691403571,0.482800029501639,0.269864015438313,0.195697185919691
21964,0.149742413681346,0.0474930093586382,0.490942410771823,0.311822166188193
21965,0.0471446608231953,0.160618522603733,0.2865739083082,0.505662908264872
21966,0.120597191359124,0.0557799762532528,0.288834519277254,0.534788313110369
21967,0.397116521595113,0.051488558275948,0.237298301650657,0.314096618478283
21968,0.239584220650529,0.438279976302946,0.0538649056542091,0.268270897392316
21969,0.0452463365477413,0.159550070102554,0.168316637060753,0.626886956288952
21970,0.179822516907909,0.194243170454628,0.0541349942152451,0.571799318422218
21971,0.0770815474903926,0.20267869654064,0.498878171476829,0.221361584492138
21972,0.233984666916346,0.17588973586001,0.0657900890031511,0.524335508220493
21973,0.327352897226756,0.193772780559201,0.0401928519034226,0.438681470310621
21974,0.424306817792855,0.183281756488011,0.0542950227930491,0.338116402926085
21975,0.0516245121014714,0.130373090869303,0.242964476260286,0.575037920768939
21976,0.274461318408465,0.264672295314163,0.376133676891213,0.0847327093861586
21977,0.0534995476789024,0.286942224160221,0.175264360737726,0.48429386742315
21978,0.185448616946224,0.0433118796729578,0.18146187236658,0.589777631014238
21979,0.179045885556977,0.195546429131492,0.0462888619972587,0.579118823314272
21980,0.0423117377944744,0.498962473114579,0.107139664998023,0.351586124092924
21981,0.0578959872901838,0.342734183264466,0.182093160055732,0.417276669389619
21982,0.0622527638781066,0.180772374541941,0.175443785180984,0.581531076398969
21983,0.0463329492707448,0.110380771481497,0.232410008347954,0.610876270899804
21984,0.20748177337229,0.210094236161543,0.0971177598376787,0.485306230628489
21985,0.111416565302178,0.599559639953892,0.0549903173327807,0.23403347741115
21986,0.0615733002415331,0.147784058171013,0.585812300038647,0.204830341548807
21987,0.0725588708654277,0.212283036687683,0.200016248144251,0.515141844302639
21988,0.266064731635085,0.193072275091316,0.0761987582694902,0.464664235004109
21989,0.0625337443702644,0.26020959834433,0.188194803063192,0.489061854222214
21990,0.0519566054596725,0.294355999479563,0.192116611763987,0.461570783296777
21991,0.222674385726371,0.202587582096296,0.0757630940371369,0.498974938140196
21992,0.176020539072802,0.253233802445551,0.0639260650286189,0.506819593453028
21993,0.122861252572345,0.474233372549922,0.0594807567408382,0.343424618136895
21994,0.049960263298799,0.346017692925599,0.411252424694961,0.192769619080642
21995,0.063418549893277,0.185637859805312,0.295064173805832,0.45587941649558
21996,0.264801363434446,0.241506704094667,0.0465785340358581,0.447113398435029
21997,0.270770363692961,0.0589264047578155,0.226297683369465,0.444005548179759
21998,0.239484525969003,0.150846025460157,0.0562115859573541,0.553457862613485
21999,0.0465533446044268,0.654137381371726,0.137442857817486,0.161866416206362
22000,0.533103370583785,0.0494729293695714,0.227901663433383,0.189522036613261
22001,0.0692060699695412,0.501132236911338,0.261610215647892,0.168051477471228
22002,0.126237129531003,0.369026551373065,0.0474268481649266,0.457309470931005
22003,0.0402693160087009,0.225411000310578,0.491788184475301,0.24253149920542
22004,0.453761866246163,0.218352455386047,0.0609534682465197,0.26693221012127
22005,0.241911048948741,0.0512696910262137,0.235768692408158,0.471050567616888
22006,0.0469916382109076,0.230930893971233,0.200183429475642,0.521894038342217
22007,0.192337397286549,0.437355080074338,0.0683623650817923,0.30194515755732
22008,0.0362701396394804,0.194461520390458,0.447434127803428,0.321834212166633
22009,0.299642341486321,0.0698305681864261,0.225910650708322,0.404616439618931
22010,0.124578981549441,0.381228883453514,0.0518128527334887,0.442379282263556
22011,0.0426678156152103,0.265953083841443,0.276381439580135,0.414997660963212
22012,0.172375574779505,0.08501128545214,0.185867503989527,0.556745635778828
22013,0.180371063565654,0.0688584026334614,0.438407612387194,0.312362921413691
22014,0.0556962848900126,0.119431187300238,0.55727345053498,0.267599077274769
22015,0.0542271405897027,0.135926900321655,0.294510029250355,0.515335929838287
22016,0.0462035495292049,0.298573441742384,0.160919540868453,0.494303467859958
22017,0.042625192199908,0.575573933701479,0.145303316961501,0.236497557137112
22018,0.218501704391238,0.0825977452547379,0.294972947276634,0.40392760307739
22019,0.216140938954396,0.065081665037438,0.233684316380512,0.485093079627654
22020,0.0714189542155947,0.144668950106054,0.284715644766087,0.499196450912264
22021,0.0656584525362381,0.21515258673344,0.218141402899413,0.501047557830908
22022,0.427355809617454,0.0679308366204091,0.164168600582963,0.340544753179174
22023,0.238342652512181,0.0739050208025097,0.273018609935906,0.414733716749403
22024,0.169563964972596,0.0531600150971127,0.161705943529856,0.615570076400435
22025,0.278682881880011,0.169360073564124,0.0550059432340515,0.496951101321813
22026,0.509831743395204,0.127036237672086,0.0469983904441589,0.316133628488551
22027,0.246479655670353,0.156991169510144,0.0572242559396768,0.539304918879827
22028,0.272958539205446,0.139512811218157,0.0527177041189551,0.534810945457442
22029,0.128788727378629,0.143126666217189,0.057104860009482,0.670979746394699
22030,0.332259565560249,0.0432410155501162,0.384855204596509,0.239644214293126
22031,0.142812061340998,0.162774899260184,0.0452298311617968,0.649183208237022
22032,0.134655789372872,0.200225230251462,0.0623165610503356,0.60280241932533
22033,0.0469369335716849,0.122694932446702,0.567397162949255,0.262970971032358
22034,0.544177956539301,0.121000276692454,0.0518368466427244,0.282984920125521
22035,0.166828048488647,0.13220638917502,0.055710005236058,0.645255557100275
22036,0.318723412461539,0.188196845573916,0.0518069149357563,0.441272827028789
22037,0.158752951369642,0.16905708850333,0.0420627969509327,0.630127163176095
22038,0.133702999144716,0.204805124950469,0.0519417642087457,0.60955011169607
22039,0.286168430987179,0.255061914439555,0.0552124404585935,0.403557214114672
22040,0.183061112996732,0.292119041370762,0.0673712695419181,0.457448576090587
22041,0.217772873114959,0.0432688121980797,0.418979240984249,0.319979073702713
22042,0.233987995610806,0.0868097187583962,0.266921049411689,0.412281236219109
22043,0.178959064998809,0.436051070450589,0.0489360377237473,0.336053826826855
22044,0.181316765105353,0.0702242511710016,0.250846157257083,0.497612826466562
22045,0.0462433390634643,0.323799040682268,0.180998934075883,0.448958686178385
22046,0.0825308670224315,0.170845995051514,0.224045514177052,0.522577623749003
22047,0.0797734293191058,0.243179570994519,0.182855061456202,0.494191938230173
22048,0.120058575568737,0.583779310737721,0.0429719112281758,0.253190202465366
22049,0.1242362400721,0.360068502659091,0.0489343023567532,0.466760954912055
22050,0.0882075942572333,0.440515665628523,0.261459412355897,0.209817327758347
22051,0.164643746352911,0.0572790090010633,0.489129262709092,0.288947981936934
22052,0.0660235594865716,0.310758866988345,0.210180591184417,0.413036982340666
22053,0.0402190803580678,0.549814909210657,0.168597874462361,0.241368135968914
22054,0.0480237624479828,0.117482137663871,0.537187955631948,0.297306144256199
22055,0.0914401462668069,0.240652831633291,0.423922582847703,0.243984439252199
22056,0.165968781956527,0.0711109725240077,0.46267579576775,0.300244449751716
22057,0.264270482219056,0.0723733158685105,0.166367121082837,0.496989080829597
22058,0.220078944362975,0.488881528936523,0.0558395870247842,0.235199939675717
22059,0.255541699732708,0.318243327167506,0.0380805041859491,0.388134468913837
22060,0.204464096925718,0.191785173464526,0.053451929079939,0.550298800529817
22061,0.0519950470410049,0.157057700433282,0.423569202854874,0.367378049670838
22062,0.0454856081749465,0.205224082168745,0.564012895289482,0.185277414366827
22063,0.0313199399616458,0.560411133155557,0.196616303653779,0.211652623229018
22064,0.510391852940914,0.152835374870689,0.0691635356350742,0.267609236553322
22065,0.0570439857856623,0.159992385732716,0.432053819046296,0.350909809435326
22066,0.286870053939911,0.0756389587297766,0.156803441001918,0.480687546328394
22067,0.323786861287683,0.170147530972059,0.0417427724944542,0.464322835245804
22068,0.133968559351222,0.673967369351501,0.0303674482422784,0.161696623054999
22069,0.0442941615566569,0.368532919940222,0.0890937592866909,0.49807915921643
22070,0.258574205018601,0.107682151558534,0.0463095315448665,0.587434111877999
22071,0.240125968726497,0.149781981016847,0.0480134129514734,0.562078637305182
22072,0.0284733705667757,0.523368126777871,0.256895605504448,0.191262897150905
22073,0.0673545948360473,0.139105073422589,0.22565986583046,0.567880465910903
