"No","Ch1","Ch2","Ch3","Ch4"
21566,0.222,0.084,0.286,0.408
21567,0.056,0.328,0.472,0.144
21568,0.184,0.596,0.044,0.176
21569,0.676,0.066,0.082,0.176
21570,0.138,0.264,0.504,0.094
21571,0.14,0.602,0.156,0.102
21572,0.1,0.056,0.688,0.156
21573,0.168,0.094,0.374,0.364
21574,0.138,0.26,0.43,0.172
21575,0.088,0.116,0.628,0.168
21576,0.198,0.182,0.238,0.382
21577,0.412,0.15,0.366,0.072
21578,0.502,0.25,0.124,0.124
21579,0.168,0.094,0.374,0.364
21580,0.15,0.524,0.168,0.158
21581,0.596,0.082,0.11,0.212
21582,0.118,0.102,0.476,0.304
21583,0.21,0.102,0.324,0.364
21584,0.212,0.292,0.14,0.356
21585,0.354,0.118,0.11,0.418
21586,0.11,0.436,0.278,0.176
21587,0.056,0.588,0.114,0.242
21588,0.042,0.076,0.394,0.488
21589,0.114,0.07,0.352,0.464
21590,0.038,0.084,0.462,0.416
21591,0.044,0.084,0.372,0.5
21592,0.082,0.202,0.066,0.65
21593,0.42,0.242,0.122,0.216
21594,0.17,0.17,0.184,0.476
21595,0.172,0.18,0.086,0.562
21596,0.098,0.654,0.102,0.146
21597,0.372,0.184,0.116,0.328
21598,0.066,0.288,0.45,0.196
21599,0.168,0.306,0.272,0.254
21600,0.062,0.218,0.124,0.596
21601,0.058,0.142,0.13,0.67
21602,0.064,0.334,0.242,0.36
21603,0.352,0.086,0.12,0.442
21604,0.072,0.172,0.524,0.232
21605,0.1,0.082,0.624,0.194
21606,0.226,0.078,0.448,0.248
21607,0.66,0.106,0.042,0.192
21608,0.246,0.532,0.064,0.158
21609,0.09,0.068,0.548,0.294
21610,0.268,0.45,0.064,0.218
21611,0.054,0.088,0.63,0.228
21612,0.532,0.238,0.128,0.102
21613,0.044,0.29,0.392,0.274
21614,0.124,0.312,0.358,0.206
21615,0.356,0.41,0.054,0.18
21616,0.112,0.076,0.65,0.162
21617,0.212,0.268,0.26,0.26
21618,0.216,0.048,0.298,0.438
21619,0.16,0.252,0.098,0.49
21620,0.056,0.688,0.056,0.2
21621,0.272,0.26,0.192,0.276
21622,0.128,0.278,0.208,0.386
21623,0.292,0.38,0.192,0.136
21624,0.406,0.208,0.278,0.108
21625,0.172,0.162,0.436,0.23
21626,0.484,0.25,0.166,0.1
21627,0.314,0.268,0.342,0.076
21628,0.474,0.376,0.076,0.074
21629,0.3,0.224,0.33,0.146
21630,0.192,0.232,0.27,0.306
21631,0.206,0.148,0.57,0.076
21632,0.226,0.368,0.268,0.138
21633,0.186,0.36,0.156,0.298
21634,0.422,0.41,0.112,0.056
21635,0.158,0.702,0.102,0.038
21636,0.308,0.208,0.378,0.106
21637,0.314,0.202,0.38,0.104
21638,0.204,0.522,0.216,0.058
21639,0.192,0.422,0.224,0.162
21640,0.468,0.284,0.178,0.07
21641,0.394,0.382,0.194,0.03
21642,0.27,0.168,0.12,0.442
21643,0.086,0.098,0.376,0.44
21644,0.222,0.244,0.11,0.424
21645,0.134,0.368,0.27,0.228
21646,0.196,0.244,0.326,0.234
21647,0.242,0.136,0.36,0.262
21648,0.352,0.116,0.242,0.29
21649,0.622,0.094,0.2,0.084
21650,0.214,0.168,0.31,0.308
21651,0.36,0.096,0.224,0.32
21652,0.14,0.094,0.352,0.414
21653,0.648,0.14,0.064,0.148
21654,0.714,0.098,0.082,0.106
21655,0.452,0.142,0.288,0.118
21656,0.368,0.146,0.082,0.404
21657,0.658,0.094,0.078,0.17
21658,0.336,0.132,0.15,0.382
21659,0.458,0.14,0.12,0.282
21660,0.12,0.122,0.292,0.466
21661,0.11,0.218,0.228,0.444
21662,0.092,0.592,0.146,0.17
21663,0.076,0.108,0.702,0.114
21664,0.048,0.314,0.27,0.368
21665,0.344,0.202,0.124,0.33
21666,0.102,0.392,0.174,0.332
21667,0.09,0.44,0.174,0.296
21668,0.384,0.192,0.086,0.338
21669,0.1,0.358,0.052,0.49
21670,0.17,0.476,0.088,0.266
21671,0.096,0.304,0.474,0.126
21672,0.058,0.188,0.434,0.32
21673,0.568,0.186,0.038,0.208
21674,0.444,0.07,0.214,0.272
21675,0.2,0.286,0.096,0.418
21676,0.078,0.686,0.14,0.096
21677,0.466,0.104,0.202,0.228
21678,0.07,0.39,0.222,0.318
21679,0.17,0.48,0.048,0.302
21680,0.126,0.048,0.682,0.144
21681,0.33,0.052,0.146,0.472
21682,0.542,0.184,0.066,0.208
21683,0.334,0.066,0.252,0.348
21684,0.326,0.164,0.094,0.416
21685,0.16,0.216,0.136,0.488
21686,0.084,0.598,0.116,0.202
21687,0.064,0.038,0.526,0.372
21688,0.318,0.112,0.1,0.47
21689,0.086,0.794,0.05,0.07
21690,0.77,0.082,0.042,0.106
21691,0.1,0.502,0.072,0.326
21692,0.032,0.318,0.54,0.11
21693,0.28,0.406,0.068,0.246
21694,0.204,0.262,0.082,0.452
21695,0.386,0.358,0.124,0.132
21696,0.63,0.136,0.068,0.166
21697,0.494,0.166,0.222,0.118
21698,0.13,0.048,0.658,0.164
21699,0.256,0.59,0.018,0.136
21700,0.412,0.2,0.11,0.278
21701,0.436,0.136,0.17,0.258
21702,0.08,0.638,0.11,0.172
21703,0.078,0.424,0.044,0.454
21704,0.102,0.266,0.424,0.208
21705,0.126,0.144,0.28,0.45
21706,0.104,0.322,0.164,0.41
21707,0.196,0.564,0.076,0.164
21708,0.074,0.444,0.232,0.25
21709,0.134,0.414,0.088,0.364
21710,0.494,0.056,0.138,0.312
21711,0.058,0.494,0.186,0.262
21712,0.116,0.438,0.034,0.412
21713,0.562,0.072,0.116,0.25
21714,0.106,0.604,0.144,0.146
21715,0.562,0.066,0.124,0.248
21716,0.096,0.214,0.126,0.564
21717,0.264,0.096,0.3,0.34
21718,0.18,0.54,0.048,0.232
21719,0.352,0.112,0.122,0.414
21720,0.452,0.124,0.062,0.362
21721,0.098,0.338,0.308,0.256
21722,0.498,0.184,0.106,0.212
21723,0.072,0.314,0.13,0.484
21724,0.474,0.19,0.15,0.186
21725,0.064,0.506,0.102,0.328
21726,0.038,0.31,0.278,0.374
21727,0.154,0.098,0.636,0.112
21728,0.126,0.09,0.326,0.458
21729,0.164,0.352,0.124,0.36
21730,0.424,0.13,0.092,0.354
21731,0.342,0.18,0.28,0.198
21732,0.24,0.242,0.11,0.408
21733,0.45,0.214,0.068,0.268
21734,0.068,0.676,0.136,0.12
21735,0.2,0.236,0.118,0.446
21736,0.368,0.306,0.06,0.266
21737,0.204,0.14,0.47,0.186
21738,0.262,0.148,0.288,0.302
21739,0.16,0.414,0.316,0.11
21740,0.12,0.544,0.176,0.16
21741,0.046,0.28,0.16,0.514
21742,0.12,0.114,0.584,0.182
21743,0.364,0.194,0.078,0.364
21744,0.518,0.138,0.26,0.084
21745,0.216,0.15,0.264,0.37
21746,0.32,0.396,0.062,0.222
21747,0.422,0.294,0.118,0.166
21748,0.38,0.272,0.112,0.236
21749,0.058,0.396,0.27,0.276
21750,0.12,0.098,0.498,0.284
21751,0.49,0.094,0.296,0.12
21752,0.386,0.118,0.138,0.358
21753,0.192,0.142,0.276,0.39
21754,0.156,0.39,0.116,0.338
21755,0.068,0.178,0.342,0.412
21756,0.104,0.474,0.106,0.316
21757,0.166,0.504,0.062,0.268
21758,0.264,0.22,0.148,0.368
21759,0.29,0.526,0.126,0.058
21760,0.308,0.05,0.204,0.438
21761,0.118,0.33,0.422,0.13
21762,0.114,0.594,0.186,0.106
21763,0.498,0.136,0.066,0.3
21764,0.158,0.108,0.638,0.096
21765,0.486,0.134,0.116,0.264
21766,0.084,0.522,0.058,0.336
21767,0.102,0.204,0.36,0.334
21768,0.094,0.258,0.488,0.16
21769,0.23,0.272,0.07,0.428
21770,0.212,0.47,0.2,0.118
21771,0.048,0.118,0.354,0.48
21772,0.102,0.27,0.472,0.156
21773,0.152,0.54,0.178,0.13
21774,0.088,0.216,0.448,0.248
21775,0.206,0.288,0.208,0.298
21776,0.504,0.186,0.19,0.12
21777,0.084,0.084,0.542,0.29
21778,0.296,0.152,0.16,0.392
21779,0.546,0.092,0.062,0.3
21780,0.15,0.188,0.454,0.208
21781,0.114,0.102,0.584,0.2
21782,0.306,0.076,0.54,0.078
21783,0.382,0.098,0.076,0.444
21784,0.632,0.15,0.058,0.16
21785,0.148,0.468,0.33,0.054
21786,0.052,0.088,0.24,0.62
21787,0.104,0.754,0.06,0.082
21788,0.414,0.2,0.07,0.316
21789,0.078,0.37,0.166,0.386
21790,0.576,0.108,0.086,0.23
21791,0.314,0.218,0.098,0.37
21792,0.096,0.302,0.402,0.2
21793,0.158,0.2,0.494,0.148
21794,0.104,0.366,0.4,0.13
21795,0.22,0.058,0.548,0.174
21796,0.198,0.28,0.08,0.442
21797,0.182,0.606,0.062,0.15
21798,0.374,0.134,0.28,0.212
21799,0.052,0.09,0.278,0.58
21800,0.144,0.09,0.418,0.348
21801,0.134,0.088,0.454,0.324
21802,0.076,0.202,0.426,0.296
21803,0.232,0.112,0.426,0.23
21804,0.17,0.494,0.122,0.214
21805,0.466,0.07,0.198,0.266
21806,0.072,0.408,0.176,0.344
21807,0.148,0.422,0.12,0.31
21808,0.258,0.088,0.13,0.524
21809,0.592,0.07,0.106,0.232
21810,0.57,0.152,0.146,0.132
21811,0.128,0.52,0.232,0.12
21812,0.166,0.116,0.41,0.308
21813,0.226,0.556,0.052,0.166
21814,0.11,0.386,0.376,0.128
21815,0.32,0.068,0.298,0.314
21816,0.182,0.582,0.048,0.188
21817,0.19,0.234,0.41,0.166
21818,0.1,0.152,0.336,0.412
21819,0.18,0.342,0.042,0.436
21820,0.516,0.164,0.126,0.194
21821,0.154,0.188,0.43,0.228
21822,0.382,0.39,0.064,0.164
21823,0.158,0.316,0.278,0.248
21824,0.114,0.46,0.294,0.132
21825,0.056,0.332,0.122,0.49
21826,0.322,0.374,0.214,0.09
21827,0.124,0.23,0.496,0.15
21828,0.06,0.62,0.076,0.244
21829,0.154,0.2,0.462,0.184
21830,0.07,0.26,0.234,0.436
21831,0.184,0.23,0.122,0.464
21832,0.352,0.328,0.088,0.232
21833,0.39,0.13,0.264,0.216
21834,0.498,0.176,0.182,0.144
21835,0.05,0.5,0.112,0.338
21836,0.092,0.152,0.588,0.168
21837,0.112,0.096,0.462,0.33
21838,0.13,0.118,0.6,0.152
21839,0.086,0.446,0.22,0.248
21840,0.39,0.13,0.264,0.216
21841,0.276,0.346,0.166,0.212
21842,0.126,0.252,0.464,0.158
21843,0.438,0.18,0.136,0.246
21844,0.108,0.444,0.242,0.206
21845,0.424,0.088,0.17,0.318
21846,0.094,0.426,0.276,0.204
21847,0.454,0.128,0.204,0.214
21848,0.088,0.272,0.18,0.46
21849,0.326,0.518,0.064,0.092
21850,0.504,0.252,0.076,0.168
21851,0.156,0.546,0.028,0.27
21852,0.424,0.118,0.128,0.33
21853,0.114,0.144,0.562,0.18
21854,0.402,0.154,0.126,0.318
21855,0.15,0.436,0.066,0.348
21856,0.57,0.162,0.176,0.092
21857,0.098,0.582,0.024,0.296
21858,0.642,0.064,0.09,0.204
21859,0.334,0.064,0.18,0.422
21860,0.432,0.374,0.044,0.15
21861,0.178,0.084,0.61,0.128
21862,0.044,0.422,0.308,0.226
21863,0.07,0.222,0.246,0.462
21864,0.616,0.17,0.04,0.174
21865,0.104,0.336,0.36,0.2
21866,0.156,0.128,0.58,0.136
21867,0.074,0.082,0.338,0.506
21868,0.172,0.076,0.528,0.224
21869,0.376,0.064,0.208,0.352
21870,0.226,0.122,0.446,0.206
21871,0.642,0.17,0.048,0.14
21872,0.026,0.46,0.342,0.172
21873,0.24,0.302,0.39,0.068
21874,0.032,0.45,0.13,0.388
21875,0.336,0.308,0.056,0.3
21876,0.538,0.094,0.054,0.314
21877,0.068,0.564,0.08,0.288
21878,0.408,0.464,0.042,0.086
21879,0.364,0.182,0.07,0.384
21880,0.382,0.1,0.27,0.248
21881,0.048,0.284,0.156,0.512
21882,0.172,0.128,0.178,0.522
21883,0.048,0.282,0.168,0.502
21884,0.212,0.498,0.07,0.22
21885,0.112,0.498,0.094,0.296
21886,0.294,0.236,0.102,0.368
21887,0.168,0.054,0.47,0.308
21888,0.016,0.188,0.45,0.346
21889,0.146,0.396,0.152,0.306
21890,0.182,0.154,0.306,0.358
21891,0.298,0.27,0.296,0.136
21892,0.128,0.208,0.314,0.35
21893,0.194,0.19,0.198,0.418
21894,0.054,0.134,0.334,0.478
21895,0.106,0.134,0.362,0.398
21896,0.14,0.458,0.3,0.102
21897,0.184,0.306,0.304,0.206
21898,0.118,0.218,0.512,0.152
21899,0.116,0.296,0.508,0.08
21900,0.138,0.12,0.234,0.508
21901,0.232,0.562,0.076,0.13
21902,0.18,0.248,0.44,0.132
21903,0.258,0.336,0.278,0.128
21904,0.102,0.072,0.564,0.262
21905,0.114,0.466,0.218,0.202
21906,0.128,0.208,0.314,0.35
21907,0.096,0.296,0.39,0.218
21908,0.354,0.16,0.124,0.362
21909,0.182,0.144,0.328,0.346
21910,0.36,0.216,0.066,0.358
21911,0.158,0.7,0.062,0.08
21912,0.158,0.518,0.042,0.282
21913,0.174,0.32,0.066,0.44
21914,0.068,0.062,0.104,0.766
21915,0.164,0.086,0.42,0.33
21916,0.066,0.054,0.112,0.768
21917,0.13,0.096,0.078,0.696
21918,0.05,0.18,0.628,0.142
21919,0.258,0.08,0.52,0.142
21920,0.11,0.294,0.078,0.518
21921,0.21,0.534,0.108,0.148
21922,0.46,0.194,0.044,0.302
21923,0.116,0.064,0.102,0.718
21924,0.114,0.074,0.186,0.626
21925,0.23,0.256,0.16,0.354
21926,0.326,0.032,0.082,0.56
21927,0.166,0.146,0.51,0.178
21928,0.2,0.53,0.052,0.218
21929,0.112,0.084,0.186,0.618
21930,0.062,0.262,0.284,0.392
21931,0.144,0.182,0.112,0.562
21932,0.09,0.056,0.532,0.322
21933,0.114,0.378,0.12,0.388
21934,0.098,0.372,0.168,0.362
21935,0.146,0.12,0.14,0.594
21936,0.218,0.222,0.138,0.422
21937,0.146,0.104,0.508,0.242
21938,0.076,0.374,0.222,0.328
21939,0.068,0.21,0.202,0.52
21940,0.276,0.258,0.098,0.368
21941,0.05,0.108,0.306,0.536
21942,0.162,0.41,0.202,0.226
21943,0.072,0.254,0.158,0.516
21944,0.12,0.43,0.24,0.21
21945,0.126,0.194,0.14,0.54
21946,0.368,0.116,0.124,0.392
21947,0.376,0.226,0.14,0.258
21948,0.18,0.36,0.212,0.248
21949,0.156,0.382,0.144,0.318
21950,0.122,0.53,0.052,0.296
21951,0.08,0.216,0.504,0.2
21952,0.418,0.166,0.092,0.324
21953,0.244,0.296,0.198,0.262
21954,0.216,0.128,0.168,0.488
21955,0.238,0.218,0.206,0.338
21956,0.112,0.09,0.374,0.424
21957,0.21,0.192,0.192,0.406
21958,0.048,0.692,0.178,0.082
21959,0.12,0.09,0.26,0.53
21960,0.232,0.386,0.066,0.316
21961,0.348,0.112,0.388,0.152
21962,0.56,0.154,0.186,0.1
21963,0.078,0.484,0.364,0.074
21964,0.144,0.118,0.622,0.116
21965,0.118,0.15,0.328,0.404
21966,0.074,0.082,0.332,0.512
21967,0.278,0.08,0.226,0.416
21968,0.408,0.354,0.084,0.154
21969,0.088,0.164,0.138,0.61
21970,0.312,0.184,0.106,0.398
21971,0.112,0.208,0.53,0.15
21972,0.208,0.268,0.088,0.436
21973,0.37,0.348,0.054,0.228
21974,0.444,0.178,0.048,0.33
21975,0.054,0.12,0.386,0.44
21976,0.214,0.372,0.302,0.112
21977,0.202,0.278,0.282,0.238
21978,0.328,0.082,0.276,0.314
21979,0.272,0.238,0.06,0.43
21980,0.112,0.362,0.286,0.24
21981,0.144,0.504,0.258,0.094
21982,0.22,0.294,0.156,0.33
21983,0.064,0.092,0.414,0.43
21984,0.078,0.138,0.244,0.54
21985,0.052,0.534,0.176,0.238
21986,0.11,0.094,0.648,0.148
21987,0.1,0.118,0.286,0.496
21988,0.206,0.134,0.068,0.592
21989,0.058,0.194,0.274,0.474
21990,0.084,0.186,0.264,0.466
21991,0.278,0.08,0.074,0.568
21992,0.094,0.212,0.102,0.592
21993,0.12,0.3,0.206,0.374
21994,0.104,0.362,0.374,0.16
21995,0.068,0.166,0.312,0.454
21996,0.244,0.134,0.078,0.544
21997,0.216,0.114,0.108,0.562
21998,0.18,0.144,0.088,0.588
21999,0.164,0.506,0.106,0.224
22000,0.324,0.158,0.232,0.286
22001,0.172,0.296,0.156,0.376
22002,0.126,0.294,0.242,0.338
22003,0.092,0.36,0.372,0.176
22004,0.516,0.066,0.204,0.214
22005,0.176,0.052,0.408,0.364
22006,0.06,0.14,0.21,0.59
22007,0.172,0.398,0.238,0.192
22008,0.094,0.216,0.498,0.192
22009,0.518,0.064,0.2,0.218
22010,0.108,0.44,0.25,0.202
22011,0.07,0.372,0.264,0.294
22012,0.236,0.276,0.15,0.338
22013,0.232,0.08,0.518,0.17
22014,0.06,0.206,0.602,0.132
22015,0.1,0.058,0.608,0.234
22016,0.066,0.562,0.072,0.3
22017,0.086,0.66,0.172,0.082
22018,0.068,0.328,0.47,0.134
22019,0.176,0.056,0.444,0.324
22020,0.128,0.22,0.26,0.392
22021,0.028,0.55,0.142,0.28
22022,0.382,0.114,0.21,0.294
22023,0.252,0.032,0.224,0.492
22024,0.184,0.03,0.1,0.686
22025,0.36,0.18,0.044,0.416
22026,0.364,0.188,0.084,0.364
22027,0.254,0.192,0.074,0.48
22028,0.232,0.198,0.164,0.406
22029,0.096,0.06,0.128,0.716
22030,0.38,0.044,0.414,0.162
22031,0.132,0.156,0.06,0.652
22032,0.122,0.226,0.082,0.57
22033,0.096,0.216,0.514,0.174
22034,0.61,0.072,0.062,0.256
22035,0.16,0.134,0.1,0.606
22036,0.262,0.142,0.092,0.504
22037,0.188,0.156,0.08,0.576
22038,0.152,0.184,0.082,0.582
22039,0.314,0.254,0.06,0.372
22040,0.192,0.21,0.272,0.326
22041,0.238,0.082,0.524,0.156
22042,0.146,0.128,0.27,0.456
22043,0.114,0.586,0.166,0.134
22044,0.202,0.144,0.258,0.396
22045,0.072,0.342,0.228,0.358
22046,0.11,0.246,0.278,0.366
22047,0.234,0.296,0.158,0.312
22048,0.152,0.556,0.104,0.188
22049,0.07,0.576,0.152,0.202
22050,0.238,0.458,0.202,0.102
22051,0.146,0.08,0.658,0.116
22052,0.144,0.286,0.356,0.214
22053,0.066,0.48,0.346,0.108
22054,0.096,0.116,0.7,0.088
22055,0.468,0.138,0.328,0.066
22056,0.286,0.116,0.44,0.158
22057,0.476,0.09,0.148,0.286
22058,0.204,0.576,0.128,0.092
22059,0.162,0.516,0.064,0.258
22060,0.102,0.158,0.048,0.692
22061,0.11,0.13,0.274,0.486
22062,0.086,0.31,0.36,0.244
22063,0.068,0.464,0.288,0.18
22064,0.572,0.146,0.064,0.218
22065,0.164,0.106,0.34,0.39
22066,0.432,0.094,0.154,0.32
22067,0.504,0.16,0.032,0.304
22068,0.142,0.63,0.028,0.2
22069,0.09,0.388,0.118,0.404
22070,0.348,0.058,0.086,0.508
22071,0.386,0.11,0.064,0.44
22072,0.048,0.344,0.426,0.182
22073,0.098,0.176,0.22,0.506
22074,0.046,0.79,0.078,0.086
22075,0.102,0.192,0.126,0.58
22076,0.666,0.132,0.044,0.158
22077,0.136,0.04,0.058,0.766
22078,0.386,0.11,0.064,0.44
22079,0.474,0.062,0.072,0.392
22080,0.142,0.12,0.392,0.346
22081,0.026,0.666,0.214,0.094
22082,0.562,0.178,0.112,0.148
22083,0.026,0.598,0.156,0.22
22084,0.124,0.152,0.038,0.686
22085,0.238,0.078,0.22,0.464
22086,0.142,0.316,0.062,0.48
22087,0.064,0.034,0.134,0.768
22088,0.102,0.278,0.078,0.542
22089,0.038,0.504,0.106,0.352
22090,0.31,0.172,0.204,0.314
22091,0.036,0.234,0.532,0.198
22092,0.608,0.12,0.022,0.25
22093,0.068,0.094,0.624,0.214
22094,0.1,0.09,0.24,0.57
22095,0.168,0.234,0.106,0.492
22096,0.08,0.138,0.628,0.154
22097,0.47,0.06,0.066,0.404
22098,0.416,0.1,0.362,0.122
22099,0.068,0.278,0.246,0.408
22100,0.062,0.186,0.626,0.126
22101,0.38,0.174,0.206,0.24
22102,0.106,0.318,0.224,0.352
22103,0.362,0.188,0.18,0.27
22104,0.352,0.212,0.106,0.33
22105,0.072,0.342,0.246,0.34
22106,0.476,0.196,0.19,0.138
22107,0.146,0.154,0.434,0.266
22108,0.22,0.252,0.294,0.234
22109,0.484,0.23,0.066,0.22
22110,0.074,0.094,0.282,0.55
22111,0.398,0.156,0.136,0.31
22112,0.08,0.176,0.462,0.282
22113,0.068,0.478,0.262,0.192
22114,0.194,0.12,0.328,0.358
22115,0.306,0.116,0.184,0.394
22116,0.108,0.228,0.388,0.276
22117,0.154,0.15,0.572,0.124
22118,0.56,0.138,0.096,0.206
22119,0.054,0.648,0.078,0.22
22120,0.176,0.06,0.508,0.256
22121,0.058,0.35,0.186,0.406
22122,0.166,0.282,0.504,0.048
22123,0.074,0.628,0.126,0.172
22124,0.058,0.226,0.454,0.262
22125,0.292,0.108,0.188,0.412
22126,0.256,0.218,0.23,0.296
22127,0.508,0.112,0.244,0.136
22128,0.326,0.172,0.326,0.176
22129,0.096,0.114,0.184,0.606
22130,0.058,0.232,0.6,0.11
22131,0.502,0.092,0.22,0.186
22132,0.064,0.208,0.508,0.22
22133,0.076,0.064,0.652,0.208
22134,0.296,0.196,0.15,0.358
22135,0.608,0.098,0.12,0.174
22136,0.156,0.29,0.062,0.492
22137,0.252,0.166,0.186,0.396
22138,0.168,0.238,0.078,0.516
22139,0.1,0.488,0.244,0.168
22140,0.006,0.03,0.17,0.794
22141,0.026,0.298,0.238,0.438
22142,0.118,0.022,0.642,0.218
22143,0.1,0.126,0.382,0.392
22144,0.026,0.134,0.702,0.138
22145,0.124,0.198,0.206,0.472
22146,0.052,0.012,0.474,0.462
22147,0.328,0.072,0.268,0.332
22148,0.338,0.158,0.108,0.396
22149,0.05,0.322,0.07,0.558
22150,0.094,0.044,0.72,0.142
22151,0.122,0.044,0.256,0.578
22152,0.214,0.084,0.064,0.638
22153,0.026,0.146,0.74,0.088
22154,0.03,0.5,0.136,0.334
22155,0.142,0.166,0.45,0.242
22156,0.044,0.744,0.028,0.184
22157,0.22,0.32,0.316,0.144
22158,0.114,0.422,0.12,0.344
22159,0.368,0.138,0.38,0.114
22160,0.1,0.39,0.1,0.41
22161,0.058,0.56,0.066,0.316
22162,0.096,0.29,0.264,0.35
22163,0.38,0.174,0.09,0.356
22164,0.19,0.108,0.352,0.35
22165,0.064,0.516,0.192,0.228
22166,0.422,0.46,0.068,0.05
22167,0.212,0.34,0.322,0.126
22168,0.146,0.082,0.408,0.364
22169,0.308,0.058,0.316,0.318
22170,0.152,0.228,0.532,0.088
22171,0.12,0.254,0.324,0.302
22172,0.122,0.134,0.134,0.61
22173,0.076,0.728,0.038,0.158
22174,0.604,0.176,0.04,0.18
22175,0.1,0.502,0.15,0.248
22176,0.248,0.066,0.198,0.488
22177,0.254,0.082,0.168,0.496
22178,0.334,0.26,0.166,0.24
22179,0.04,0.468,0.028,0.464
22180,0.244,0.144,0.466,0.146
22181,0.136,0.602,0.112,0.15
22182,0.38,0.086,0.288,0.246
22183,0.176,0.59,0.072,0.162
22184,0.27,0.09,0.114,0.526
22185,0.112,0.15,0.022,0.716
22186,0.042,0.724,0.086,0.148
22187,0.084,0.27,0.054,0.592
22188,0.174,0.318,0.294,0.214
22189,0.19,0.048,0.464,0.298
22190,0.056,0.648,0.112,0.184
22191,0.26,0.158,0.422,0.16
22192,0.138,0.118,0.294,0.45
22193,0.156,0.218,0.13,0.496
22194,0.284,0.214,0.07,0.432
22195,0.234,0.478,0.218,0.07
22196,0.46,0.076,0.072,0.392
22197,0.072,0.642,0.014,0.272
22198,0.152,0.178,0.138,0.532
22199,0.754,0.13,0.032,0.084
22200,0.682,0.068,0.104,0.146
22201,0.132,0.76,0.06,0.048
22202,0.692,0.148,0.038,0.122
22203,0.61,0.21,0.06,0.12
22204,0.154,0.334,0.04,0.472
22205,0.362,0.216,0.246,0.176
22206,0.048,0.128,0.5,0.324
22207,0.124,0.102,0.224,0.55
22208,0.276,0.422,0.082,0.22
22209,0.408,0.074,0.1,0.418
22210,0.104,0.338,0.176,0.382
22211,0.13,0.356,0.068,0.446
22212,0.018,0.32,0.304,0.358
22213,0.084,0.306,0.094,0.516
22214,0.048,0.2,0.384,0.368
22215,0.094,0.1,0.636,0.17
22216,0.654,0.098,0.068,0.18
22217,0.074,0.096,0.316,0.514
22218,0.074,0.258,0.056,0.612
22219,0.392,0.072,0.132,0.404
22220,0.62,0.088,0.102,0.19
22221,0.074,0.176,0.112,0.638
22222,0.716,0.108,0.036,0.14
22223,0.198,0.314,0.08,0.408
22224,0.112,0.08,0.38,0.428
22225,0.386,0.28,0.064,0.27
22226,0.07,0.054,0.6,0.276
22227,0.386,0.306,0.136,0.172
22228,0.03,0.456,0.09,0.424
22229,0.2,0.302,0.088,0.41
22230,0.104,0.11,0.672,0.114
22231,0.594,0.09,0.11,0.206
22232,0.16,0.354,0.078,0.408
22233,0.14,0.102,0.25,0.508
22234,0.268,0.388,0.09,0.254
22235,0.328,0.074,0.142,0.456
22236,0.45,0.158,0.204,0.188
22237,0.238,0.144,0.166,0.452
22238,0.068,0.174,0.408,0.35
22239,0.136,0.392,0.242,0.23
22240,0.08,0.418,0.162,0.34
22241,0.154,0.296,0.074,0.476
22242,0.514,0.092,0.088,0.306
22243,0.152,0.47,0.108,0.27
22244,0.164,0.582,0.096,0.158
22245,0.41,0.132,0.098,0.36
22246,0.15,0.294,0.256,0.3
22247,0.186,0.188,0.272,0.354
22248,0.202,0.138,0.428,0.232
22249,0.084,0.136,0.496,0.284
22250,0.556,0.06,0.146,0.238
22251,0.048,0.086,0.446,0.42
22252,0.1,0.072,0.616,0.212
22253,0.162,0.478,0.042,0.318
22254,0.07,0.118,0.432,0.38
22255,0.118,0.062,0.298,0.522
22256,0.328,0.052,0.154,0.466
22257,0.394,0.112,0.302,0.192
22258,0.086,0.268,0.366,0.28
22259,0.106,0.08,0.144,0.67
22260,0.072,0.07,0.248,0.61
22261,0.11,0.058,0.436,0.396
22262,0.326,0.174,0.094,0.406
22263,0.142,0.266,0.044,0.548
22264,0.432,0.174,0.058,0.336
22265,0.44,0.074,0.326,0.16
22266,0.162,0.07,0.196,0.572
22267,0.064,0.09,0.436,0.41
22268,0.178,0.21,0.102,0.51
22269,0.362,0.502,0.034,0.102
22270,0.086,0.132,0.448,0.334
22271,0.198,0.244,0.31,0.248
22272,0.126,0.624,0.036,0.214
22273,0.326,0.316,0.1,0.258
22274,0.188,0.37,0.108,0.334
22275,0.112,0.51,0.132,0.246
22276,0.044,0.2,0.388,0.368
22277,0.228,0.296,0.348,0.128
22278,0.084,0.15,0.53,0.236
22279,0.47,0.246,0.06,0.224
22280,0.244,0.064,0.212,0.48
22281,0.654,0.066,0.136,0.144
22282,0.098,0.308,0.45,0.144
22283,0.062,0.174,0.384,0.38
22284,0.258,0.092,0.436,0.214
22285,0.06,0.278,0.194,0.468
22286,0.11,0.07,0.38,0.44
22287,0.45,0.186,0.064,0.3
22288,0.398,0.128,0.23,0.244
22289,0.206,0.548,0.106,0.14
22290,0.396,0.146,0.296,0.162
22291,0.458,0.126,0.2,0.216
22292,0.264,0.192,0.28,0.264
22293,0.134,0.58,0.088,0.198
22294,0.374,0.196,0.16,0.27
22295,0.252,0.24,0.374,0.134
22296,0.354,0.17,0.138,0.338
22297,0.356,0.154,0.312,0.178
22298,0.164,0.222,0.51,0.104
22299,0.122,0.528,0.198,0.152
22300,0.55,0.218,0.116,0.116
22301,0.098,0.228,0.606,0.068
22302,0.144,0.426,0.116,0.314
22303,0.266,0.328,0.184,0.222
22304,0.256,0.372,0.116,0.256
22305,0.298,0.438,0.152,0.112
22306,0.238,0.176,0.504,0.082
22307,0.222,0.356,0.122,0.3
22308,0.114,0.266,0.37,0.25
22309,0.286,0.112,0.134,0.468
22310,0.166,0.048,0.424,0.362
22311,0.212,0.498,0.072,0.218
22312,0.622,0.098,0.098,0.182
22313,0.672,0.118,0.072,0.138
22314,0.482,0.314,0.08,0.124
22315,0.346,0.206,0.132,0.316
22316,0.062,0.496,0.142,0.3
22317,0.066,0.338,0.322,0.274
22318,0.126,0.05,0.6,0.224
22319,0.5,0.22,0.1,0.18
22320,0.322,0.294,0.296,0.088
22321,0.248,0.056,0.28,0.416
22322,0.078,0.154,0.492,0.276
22323,0.082,0.176,0.374,0.368
22324,0.468,0.328,0.138,0.066
22325,0.294,0.19,0.12,0.396
22326,0.368,0.22,0.142,0.27
22327,0.286,0.316,0.19,0.208
22328,0.272,0.122,0.338,0.268
22329,0.23,0.192,0.204,0.374
22330,0.142,0.192,0.33,0.336
22331,0.178,0.142,0.266,0.414
22332,0.18,0.252,0.368,0.2
22333,0.348,0.186,0.314,0.152
22334,0.126,0.14,0.402,0.332
22335,0.342,0.264,0.132,0.262
22336,0.32,0.204,0.2,0.276
22337,0.166,0.302,0.262,0.27
22338,0.182,0.186,0.314,0.318
22339,0.174,0.206,0.472,0.148
22340,0.174,0.228,0.174,0.424
22341,0.206,0.252,0.254,0.288
22342,0.162,0.182,0.43,0.226
22343,0.286,0.36,0.202,0.152
22344,0.166,0.374,0.296,0.164
22345,0.608,0.1,0.17,0.122
22346,0.446,0.138,0.136,0.28
22347,0.144,0.362,0.252,0.242
22348,0.132,0.276,0.418,0.174
22349,0.24,0.308,0.21,0.242
22350,0.394,0.216,0.218,0.172
22351,0.242,0.302,0.312,0.144
22352,0.514,0.106,0.236,0.144
22353,0.07,0.172,0.5,0.258
22354,0.138,0.49,0.124,0.248
22355,0.232,0.226,0.162,0.38
22356,0.104,0.118,0.448,0.33
22357,0.148,0.462,0.22,0.17
22358,0.474,0.162,0.226,0.138
22359,0.22,0.4,0.204,0.176
22360,0.134,0.57,0.04,0.256
22361,0.276,0.156,0.126,0.442
22362,0.288,0.124,0.362,0.226
22363,0.144,0.174,0.336,0.346
22364,0.438,0.158,0.098,0.306
22365,0.236,0.234,0.116,0.414
22366,0.016,0.3,0.644,0.04
22367,0.434,0.106,0.126,0.334
22368,0.086,0.67,0.078,0.166
22369,0.248,0.596,0.066,0.09
22370,0.024,0.232,0.106,0.638
22371,0.328,0.128,0.124,0.42
22372,0.522,0.158,0.042,0.278
22373,0.404,0.088,0.108,0.4
22374,0.38,0.288,0.1,0.232
22375,0.18,0.532,0.06,0.228
22376,0.188,0.072,0.076,0.664
22377,0.192,0.362,0.144,0.302
22378,0.16,0.116,0.606,0.118
22379,0.272,0.47,0.05,0.208
22380,0.064,0.232,0.134,0.57
22381,0.012,0.312,0.064,0.612
22382,0.046,0.304,0.084,0.566
22383,0.128,0.064,0.44,0.368
22384,0.144,0.474,0.17,0.212
22385,0.352,0.138,0.344,0.166
22386,0.252,0.45,0.208,0.09
22387,0.388,0.068,0.2,0.344
22388,0.294,0.142,0.268,0.296
22389,0.204,0.138,0.38,0.278
22390,0.272,0.21,0.316,0.202
22391,0.38,0.092,0.236,0.292
22392,0.252,0.328,0.146,0.274
22393,0.08,0.348,0.382,0.19
22394,0.08,0.3,0.228,0.392
22395,0.348,0.242,0.186,0.224
22396,0.236,0.084,0.146,0.534
22397,0.386,0.352,0.096,0.166
22398,0.224,0.124,0.464,0.188
22399,0.058,0.138,0.682,0.122
22400,0.128,0.038,0.726,0.108
22401,0.57,0.274,0.074,0.082
22402,0.166,0.318,0.122,0.394
22403,0.182,0.156,0.266,0.396
22404,0.436,0.076,0.358,0.13
22405,0.05,0.406,0.064,0.48
22406,0.132,0.456,0.142,0.27
22407,0.114,0.152,0.362,0.372
22408,0.07,0.036,0.774,0.12
22409,0.158,0.292,0.414,0.136
22410,0.11,0.366,0.484,0.04
22411,0.066,0.436,0.41,0.088
22412,0.144,0.234,0.504,0.118
22413,0.136,0.116,0.28,0.468
22414,0.126,0.752,0.038,0.084
22415,0.068,0.168,0.622,0.142
22416,0.124,0.186,0.516,0.174
22417,0.11,0.064,0.494,0.332
22418,0.074,0.77,0.104,0.052
22419,0.05,0.406,0.064,0.48
22420,0.042,0.494,0.228,0.236
22421,0.424,0.098,0.356,0.122
22422,0.128,0.194,0.106,0.572
22423,0.08,0.062,0.766,0.092
22424,0.402,0.102,0.076,0.42
22425,0.08,0.238,0.132,0.55
22426,0.336,0.114,0.068,0.482
22427,0.508,0.162,0.078,0.252
22428,0.112,0.212,0.136,0.54
22429,0.628,0.114,0.108,0.15
22430,0.094,0.104,0.378,0.424
22431,0.214,0.118,0.196,0.472
22432,0.396,0.28,0.078,0.246
22433,0.132,0.076,0.16,0.632
22434,0.298,0.11,0.066,0.526
22435,0.074,0.15,0.366,0.41
22436,0.128,0.412,0.122,0.338
22437,0.152,0.108,0.164,0.576
22438,0.14,0.078,0.154,0.628
22439,0.092,0.158,0.35,0.4
22440,0.14,0.332,0.394,0.134
22441,0.202,0.27,0.434,0.094
22442,0.088,0.344,0.444,0.124
22443,0.12,0.398,0.314,0.168
22444,0.144,0.278,0.516,0.062
22445,0.084,0.346,0.416,0.154
22446,0.178,0.32,0.422,0.08
22447,0.248,0.274,0.36,0.118
22448,0.074,0.32,0.554,0.052
22449,0.082,0.392,0.326,0.2
22450,0.148,0.214,0.43,0.208
22451,0.104,0.346,0.396,0.154
22452,0.092,0.406,0.324,0.178
22453,0.086,0.282,0.376,0.256
22454,0.278,0.374,0.274,0.074
22455,0.286,0.334,0.208,0.172
22456,0.11,0.29,0.482,0.118
22457,0.124,0.312,0.416,0.148
22458,0.108,0.302,0.43,0.16
22459,0.19,0.332,0.364,0.114
22460,0.134,0.236,0.448,0.182
22461,0.378,0.254,0.116,0.252
22462,0.268,0.24,0.12,0.372
22463,0.066,0.3,0.126,0.508
22464,0.232,0.378,0.092,0.298
22465,0.402,0.362,0.148,0.088
22466,0.154,0.364,0.146,0.336
22467,0.182,0.394,0.322,0.102
22468,0.174,0.214,0.26,0.352
22469,0.296,0.14,0.204,0.36
22470,0.324,0.36,0.084,0.232
22471,0.344,0.25,0.19,0.216
22472,0.074,0.298,0.384,0.244
22473,0.232,0.224,0.332,0.212
22474,0.212,0.17,0.424,0.194
22475,0.272,0.45,0.166,0.112
22476,0.142,0.196,0.282,0.38
22477,0.114,0.184,0.386,0.316
22478,0.144,0.072,0.49,0.294
22479,0.344,0.154,0.182,0.32
22480,0.072,0.156,0.49,0.282
22481,0.188,0.292,0.166,0.354
22482,0.248,0.368,0.08,0.304
22483,0.264,0.228,0.178,0.33
22484,0.29,0.25,0.07,0.39
22485,0.074,0.516,0.168,0.242
22486,0.086,0.212,0.436,0.266
22487,0.136,0.086,0.538,0.24
22488,0.106,0.134,0.506,0.254
22489,0.248,0.054,0.448,0.25
22490,0.112,0.536,0.142,0.21
22491,0.072,0.612,0.124,0.192
22492,0.07,0.32,0.456,0.154
22493,0.19,0.278,0.284,0.248
22494,0.204,0.208,0.358,0.23
22495,0.078,0.326,0.44,0.156
22496,0.414,0.116,0.23,0.24
22497,0.08,0.51,0.254,0.156
22498,0.082,0.292,0.304,0.322
22499,0.588,0.138,0.072,0.202
22500,0.594,0.142,0.148,0.116
22501,0.518,0.142,0.08,0.26
22502,0.248,0.19,0.176,0.386
22503,0.382,0.146,0.114,0.358
22504,0.218,0.492,0.054,0.236
22505,0.398,0.106,0.192,0.304
22506,0.192,0.376,0.196,0.236
22507,0.064,0.436,0.122,0.378
22508,0.196,0.582,0.084,0.138
22509,0.556,0.124,0.192,0.128
22510,0.08,0.776,0.054,0.09
22511,0.222,0.17,0.466,0.142
22512,0.296,0.088,0.304,0.312
22513,0.2,0.088,0.282,0.43
22514,0.072,0.784,0.038,0.106
22515,0.05,0.1,0.24,0.61
22516,0.052,0.606,0.128,0.214
22517,0.172,0.08,0.43,0.318
22518,0.058,0.264,0.152,0.526
22519,0.166,0.354,0.048,0.432
22520,0.492,0.19,0.086,0.232
22521,0.054,0.472,0.216,0.258
22522,0.084,0.09,0.638,0.188
22523,0.068,0.664,0.12,0.148
22524,0.056,0.132,0.31,0.502
22525,0.536,0.104,0.266,0.094
22526,0.392,0.376,0.042,0.19
22527,0.04,0.352,0.194,0.414
22528,0.082,0.048,0.724,0.146
22529,0.078,0.462,0.188,0.272
22530,0.124,0.08,0.134,0.662
22531,0.066,0.06,0.78,0.094
22532,0.114,0.236,0.05,0.6
22533,0.06,0.318,0.118,0.504
22534,0.112,0.456,0.078,0.354
22535,0.06,0.274,0.402,0.264
22536,0.052,0.5,0.166,0.282
22537,0.158,0.35,0.368,0.124
22538,0.256,0.274,0.144,0.326
22539,0.132,0.316,0.43,0.122
22540,0.304,0.314,0.108,0.274
22541,0.068,0.468,0.208,0.256
22542,0.038,0.224,0.51,0.228
22543,0.37,0.092,0.114,0.424
22544,0.058,0.118,0.51,0.314
22545,0.036,0.476,0.26,0.228
22546,0.404,0.468,0.056,0.072
22547,0.436,0.266,0.192,0.106
22548,0.09,0.092,0.442,0.376
22549,0.312,0.042,0.306,0.34
22550,0.112,0.228,0.536,0.124
22551,0.092,0.242,0.354,0.312
22552,0.102,0.246,0.128,0.524
22553,0.112,0.59,0.06,0.238
22554,0.258,0.122,0.154,0.466
22555,0.152,0.34,0.172,0.336
22556,0.196,0.614,0.09,0.1
22557,0.072,0.214,0.176,0.538
22558,0.272,0.092,0.47,0.166
22559,0.092,0.17,0.164,0.574
22560,0.082,0.36,0.102,0.456
22561,0.256,0.318,0.236,0.19
22562,0.236,0.57,0.142,0.052
22563,0.232,0.164,0.174,0.43
22564,0.348,0.106,0.164,0.382
22565,0.024,0.362,0.232,0.382
22566,0.19,0.424,0.28,0.106
22567,0.226,0.12,0.172,0.482
22568,0.194,0.086,0.098,0.622
22569,0.102,0.13,0.586,0.182
22570,0.234,0.144,0.066,0.556
22571,0.17,0.27,0.046,0.514
22572,0.11,0.276,0.138,0.476
22573,0.27,0.206,0.114,0.41
22574,0.208,0.068,0.188,0.536
22575,0.082,0.226,0.394,0.298
22576,0.182,0.452,0.096,0.27
22577,0.386,0.38,0.098,0.136
22578,0.058,0.188,0.616,0.138
22579,0.04,0.338,0.094,0.528
22580,0.462,0.164,0.178,0.196
22581,0.078,0.188,0.354,0.38
22582,0.356,0.15,0.316,0.178
22583,0.122,0.128,0.51,0.24
22584,0.034,0.344,0.312,0.31
22585,0.286,0.328,0.094,0.292
22586,0.128,0.534,0.102,0.236
22587,0.224,0.164,0.146,0.466
22588,0.13,0.088,0.394,0.388
22589,0.302,0.416,0.218,0.064
22590,0.13,0.034,0.35,0.486
22591,0.192,0.078,0.522,0.208
22592,0.3,0.34,0.194,0.166
22593,0.39,0.328,0.11,0.172
22594,0.118,0.116,0.378,0.388
22595,0.222,0.08,0.194,0.504
22596,0.098,0.54,0.184,0.178
22597,0.054,0.188,0.486,0.272
22598,0.066,0.354,0.102,0.478
22599,0.286,0.066,0.094,0.554
22600,0.092,0.226,0.062,0.62
22601,0.292,0.034,0.116,0.558
22602,0.452,0.156,0.09,0.302
22603,0.422,0.086,0.138,0.354
22604,0.046,0.254,0.474,0.226
22605,0.488,0.108,0.148,0.256
22606,0.148,0.102,0.458,0.292
22607,0.088,0.146,0.288,0.478
22608,0.132,0.444,0.132,0.292
22609,0.274,0.158,0.058,0.51
22610,0.1,0.446,0.216,0.238
22611,0.05,0.172,0.468,0.31
22612,0.128,0.084,0.506,0.282
22613,0.562,0.08,0.13,0.228
22614,0.398,0.244,0.174,0.184
22615,0.094,0.386,0.446,0.074
22616,0.386,0.154,0.316,0.144
22617,0.094,0.228,0.382,0.296
22618,0.264,0.06,0.414,0.262
22619,0.106,0.572,0.09,0.232
22620,0.126,0.744,0.07,0.06
22621,0.11,0.13,0.486,0.274
22622,0.538,0.104,0.184,0.174
22623,0.214,0.498,0.106,0.182
22624,0.076,0.386,0.104,0.434
22625,0.326,0.184,0.19,0.3
22626,0.22,0.136,0.38,0.264
22627,0.122,0.15,0.56,0.168
22628,0.084,0.314,0.458,0.144
22629,0.144,0.356,0.166,0.334
22630,0.244,0.482,0.178,0.096
22631,0.134,0.428,0.178,0.26
22632,0.16,0.25,0.204,0.386
22633,0.108,0.204,0.356,0.332
22634,0.104,0.188,0.254,0.454
22635,0.142,0.362,0.092,0.404
22636,0.11,0.39,0.24,0.26
22637,0.444,0.124,0.2,0.232
22638,0.206,0.25,0.19,0.354
22639,0.106,0.21,0.262,0.422
22640,0.086,0.17,0.43,0.314
22641,0.114,0.378,0.248,0.26
22642,0.124,0.228,0.25,0.398
22643,0.104,0.128,0.42,0.348
22644,0.086,0.314,0.41,0.19
22645,0.222,0.236,0.2,0.342
22646,0.184,0.164,0.272,0.38
22647,0.454,0.276,0.084,0.186
22648,0.506,0.228,0.112,0.154
22649,0.062,0.418,0.166,0.354
22650,0.092,0.27,0.094,0.544
22651,0.08,0.122,0.402,0.396
22652,0.116,0.148,0.214,0.522
22653,0.078,0.21,0.472,0.24
22654,0.13,0.13,0.178,0.562
22655,0.122,0.388,0.124,0.366
22656,0.164,0.336,0.304,0.196
22657,0.316,0.186,0.134,0.364
22658,0.112,0.146,0.22,0.522
22659,0.198,0.118,0.466,0.218
22660,0.468,0.252,0.102,0.178
22661,0.238,0.228,0.264,0.27
22662,0.056,0.386,0.366,0.192
22663,0.248,0.386,0.198,0.168
22664,0.158,0.384,0.158,0.3
22665,0.332,0.208,0.368,0.092
22666,0.146,0.34,0.16,0.354
22667,0.096,0.41,0.31,0.184
22668,0.152,0.212,0.112,0.524
22669,0.06,0.118,0.276,0.546
22670,0.138,0.32,0.196,0.346
22671,0.24,0.218,0.444,0.098
22672,0.392,0.09,0.196,0.322
22673,0.286,0.292,0.166,0.256
22674,0.3,0.168,0.388,0.144
22675,0.084,0.206,0.528,0.182
22676,0.142,0.44,0.15,0.268
22677,0.48,0.15,0.194,0.176
22678,0.158,0.416,0.114,0.312
22679,0.054,0.57,0.114,0.262
22680,0.086,0.204,0.544,0.166
22681,0.172,0.428,0.146,0.254
22682,0.312,0.386,0.108,0.194
22683,0.062,0.094,0.494,0.35
22684,0.472,0.354,0.136,0.038
22685,0.216,0.168,0.268,0.348
22686,0.558,0.07,0.06,0.312
22687,0.062,0.352,0.098,0.488
22688,0.512,0.196,0.226,0.066
22689,0.088,0.616,0.094,0.202
22690,0.228,0.106,0.59,0.076
22691,0.096,0.53,0.274,0.1
22692,0.196,0.144,0.148,0.512
22693,0.172,0.334,0.082,0.412
22694,0.666,0.154,0.098,0.082
22695,0.198,0.118,0.422,0.262
22696,0.108,0.254,0.108,0.53
22697,0.054,0.308,0.128,0.51
22698,0.256,0.294,0.034,0.416
22699,0.37,0.102,0.248,0.28
22700,0.19,0.118,0.16,0.532
22701,0.044,0.322,0.118,0.516
22702,0.124,0.102,0.486,0.288
22703,0.21,0.086,0.54,0.164
22704,0.108,0.508,0.086,0.298
22705,0.082,0.528,0.176,0.214
22706,0.234,0.104,0.422,0.24
22707,0.064,0.566,0.124,0.246
22708,0.082,0.176,0.422,0.32
22709,0.148,0.558,0.05,0.244
22710,0.168,0.298,0.086,0.448
22711,0.618,0.086,0.14,0.156
22712,0.168,0.384,0.046,0.402
22713,0.162,0.122,0.368,0.348
22714,0.104,0.208,0.402,0.286
22715,0.348,0.34,0.09,0.222
22716,0.3,0.124,0.168,0.408
22717,0.1,0.074,0.462,0.364
22718,0.318,0.102,0.236,0.344
22719,0.388,0.13,0.096,0.386
22720,0.1,0.368,0.246,0.286
22721,0.414,0.274,0.08,0.232
22722,0.28,0.158,0.148,0.414
22723,0.108,0.414,0.056,0.422
22724,0.166,0.14,0.514,0.18
22725,0.076,0.294,0.396,0.234
22726,0.134,0.698,0.074,0.094
22727,0.108,0.148,0.548,0.196
22728,0.056,0.282,0.466,0.196
22729,0.298,0.216,0.344,0.142
22730,0.078,0.324,0.296,0.302
22731,0.058,0.5,0.24,0.202
22732,0.35,0.282,0.248,0.12
22733,0.26,0.244,0.228,0.268
22734,0.188,0.386,0.208,0.218
22735,0.142,0.562,0.26,0.036
22736,0.076,0.274,0.458,0.192
22737,0.51,0.14,0.088,0.262
22738,0.238,0.202,0.402,0.158
22739,0.262,0.234,0.296,0.208
22740,0.21,0.61,0.122,0.058
22741,0.42,0.156,0.294,0.13
22742,0.082,0.696,0.168,0.054
22743,0.312,0.296,0.124,0.268
22744,0.132,0.504,0.08,0.284
22745,0.186,0.184,0.198,0.432
22746,0.288,0.296,0.246,0.17
22747,0.414,0.174,0.06,0.352
22748,0.286,0.112,0.444,0.158
22749,0.082,0.208,0.472,0.238
22750,0.116,0.194,0.62,0.07
22751,0.124,0.32,0.304,0.252
22752,0.324,0.224,0.202,0.25
22753,0.056,0.668,0.182,0.094
22754,0.224,0.344,0.34,0.092
22755,0.206,0.114,0.394,0.286
22756,0.22,0.122,0.408,0.25
22757,0.432,0.156,0.112,0.3
22758,0.098,0.18,0.626,0.096
22759,0.362,0.194,0.098,0.346
22760,0.168,0.23,0.354,0.248
22761,0.05,0.536,0.074,0.34
22762,0.116,0.194,0.62,0.07
22763,0.068,0.61,0.068,0.254
22764,0.132,0.504,0.066,0.298
22765,0.302,0.25,0.078,0.37
22766,0.264,0.45,0.18,0.106
22767,0.19,0.072,0.314,0.424
22768,0.12,0.302,0.308,0.27
22769,0.19,0.43,0.222,0.158
22770,0.54,0.124,0.082,0.254
22771,0.22,0.088,0.556,0.136
22772,0.348,0.202,0.182,0.268
22773,0.086,0.554,0.094,0.266
22774,0.038,0.172,0.468,0.322
22775,0.09,0.368,0.376,0.166
22776,0.2,0.202,0.18,0.418
22777,0.136,0.482,0.108,0.274
22778,0.056,0.156,0.304,0.484
22779,0.036,0.318,0.304,0.342
22780,0.182,0.422,0.236,0.16
22781,0.05,0.25,0.4,0.3
22782,0.066,0.044,0.494,0.396
22783,0.068,0.062,0.676,0.194
22784,0.032,0.57,0.118,0.28
22785,0.252,0.24,0.272,0.236
22786,0.132,0.022,0.474,0.372
22787,0.204,0.102,0.124,0.57
22788,0.28,0.056,0.144,0.52
22789,0.312,0.034,0.126,0.528
22790,0.08,0.288,0.33,0.302
22791,0.044,0.312,0.014,0.63
22792,0.046,0.068,0.716,0.17
22793,0.632,0.112,0.058,0.198
22794,0.118,0.278,0.26,0.344
22795,0.09,0.364,0.14,0.406
22796,0.688,0.048,0.068,0.196
22797,0.05,0.118,0.698,0.134
22798,0.078,0.056,0.394,0.472
22799,0.5,0.052,0.096,0.352
22800,0.322,0.058,0.084,0.536
22801,0.06,0.192,0.248,0.5
22802,0.056,0.358,0.132,0.454
22803,0.26,0.39,0.088,0.262
22804,0.202,0.042,0.272,0.484
22805,0.082,0.23,0.138,0.55
22806,0.03,0.386,0.134,0.45
22807,0.29,0.062,0.252,0.396
22808,0.028,0.244,0.242,0.486
22809,0.144,0.132,0.288,0.436
22810,0.074,0.334,0.272,0.32
22811,0.21,0.106,0.134,0.55
22812,0.1,0.28,0.128,0.492
22813,0.402,0.054,0.164,0.38
22814,0.214,0.42,0.042,0.324
22815,0.07,0.302,0.138,0.49
22816,0.14,0.132,0.088,0.64
22817,0.348,0.154,0.062,0.436
22818,0.046,0.272,0.244,0.438
22819,0.136,0.088,0.376,0.4
22820,0.326,0.248,0.234,0.192
22821,0.098,0.084,0.43,0.388
22822,0.4,0.044,0.198,0.358
22823,0.122,0.368,0.16,0.35
22824,0.104,0.518,0.178,0.2
22825,0.336,0.104,0.394,0.166
22826,0.142,0.072,0.366,0.42
22827,0.382,0.06,0.134,0.424
22828,0.282,0.142,0.298,0.278
22829,0.13,0.312,0.332,0.226
22830,0.144,0.11,0.502,0.244
22831,0.144,0.494,0.16,0.202
22832,0.16,0.124,0.44,0.276
22833,0.238,0.36,0.142,0.26
22834,0.088,0.058,0.474,0.38
22835,0.324,0.118,0.112,0.446
22836,0.204,0.392,0.134,0.27
22837,0.086,0.502,0.134,0.278
22838,0.33,0.156,0.212,0.302
22839,0.134,0.312,0.192,0.362
22840,0.562,0.056,0.16,0.222
22841,0.184,0.078,0.122,0.616
22842,0.382,0.074,0.136,0.408
22843,0.29,0.094,0.312,0.304
22844,0.446,0.132,0.34,0.082
22845,0.628,0.086,0.198,0.088
22846,0.086,0.576,0.042,0.296
22847,0.456,0.3,0.086,0.158
22848,0.388,0.184,0.092,0.336
22849,0.41,0.054,0.38,0.156
22850,0.274,0.1,0.47,0.156
22851,0.15,0.418,0.038,0.394
22852,0.482,0.174,0.084,0.26
22853,0.636,0.08,0.18,0.104
22854,0.158,0.158,0.108,0.576
22855,0.384,0.22,0.062,0.334
22856,0.05,0.12,0.558,0.272
22857,0.084,0.078,0.338,0.5
22858,0.236,0.296,0.22,0.248
22859,0.156,0.704,0.05,0.09
22860,0.214,0.094,0.044,0.648
22861,0.256,0.388,0.142,0.214
22862,0.074,0.07,0.164,0.692
22863,0.336,0.516,0.034,0.114
22864,0.19,0.086,0.366,0.358
22865,0.222,0.288,0.152,0.338
22866,0.186,0.074,0.358,0.382
22867,0.142,0.068,0.45,0.34
22868,0.162,0.132,0.272,0.434
22869,0.254,0.114,0.074,0.558
22870,0.396,0.196,0.062,0.346
22871,0.076,0.558,0.056,0.31
22872,0.078,0.582,0.082,0.258
22873,0.098,0.132,0.39,0.38
22874,0.172,0.278,0.138,0.412
22875,0.072,0.756,0.034,0.138
22876,0.186,0.284,0.178,0.352
22877,0.374,0.112,0.15,0.364
22878,0.12,0.096,0.456,0.328
22879,0.196,0.164,0.51,0.13
22880,0.218,0.246,0.434,0.102
22881,0.294,0.182,0.292,0.232
22882,0.106,0.672,0.062,0.16
22883,0.234,0.096,0.296,0.374
22884,0.182,0.19,0.288,0.34
22885,0.398,0.314,0.054,0.234
22886,0.398,0.064,0.084,0.454
22887,0.31,0.578,0.04,0.072
22888,0.588,0.208,0.13,0.074
22889,0.14,0.156,0.55,0.154
22890,0.314,0.528,0.088,0.07
22891,0.12,0.28,0.364,0.236
22892,0.288,0.088,0.454,0.17
22893,0.564,0.072,0.27,0.094
22894,0.124,0.172,0.184,0.52
22895,0.422,0.22,0.118,0.24
22896,0.488,0.302,0.056,0.154
22897,0.148,0.186,0.374,0.292
22898,0.076,0.096,0.464,0.364
22899,0.482,0.126,0.066,0.326
22900,0.324,0.08,0.088,0.508
22901,0.266,0.25,0.106,0.378
22902,0.128,0.366,0.156,0.35
22903,0.234,0.2,0.348,0.218
22904,0.586,0.104,0.168,0.142
22905,0.262,0.352,0.054,0.332
22906,0.652,0.1,0.056,0.192
22907,0.158,0.252,0.398,0.192
22908,0.094,0.286,0.406,0.214
22909,0.226,0.534,0.058,0.182
22910,0.148,0.334,0.11,0.408
22911,0.186,0.094,0.124,0.596
22912,0.328,0.444,0.154,0.074
22913,0.248,0.096,0.506,0.15
22914,0.084,0.396,0.08,0.44
22915,0.568,0.06,0.062,0.31
22916,0.08,0.536,0.1,0.284
22917,0.254,0.192,0.07,0.484
22918,0.496,0.098,0.044,0.362
22919,0.122,0.71,0.088,0.08
22920,0.106,0.06,0.682,0.152
22921,0.22,0.236,0.098,0.446
22922,0.156,0.544,0.126,0.174
22923,0.064,0.426,0.288,0.222
22924,0.744,0.102,0.094,0.06
22925,0.234,0.37,0.058,0.338
22926,0.516,0.112,0.17,0.202
22927,0.078,0.23,0.342,0.35
22928,0.616,0.12,0.038,0.226
22929,0.07,0.674,0.174,0.082
22930,0.192,0.072,0.454,0.282
22931,0.126,0.166,0.516,0.192
22932,0.164,0.252,0.106,0.478
22933,0.344,0.18,0.08,0.396
22934,0.116,0.116,0.234,0.534
22935,0.082,0.5,0.128,0.29
22936,0.344,0.1,0.268,0.288
22937,0.248,0.204,0.148,0.4
22938,0.532,0.22,0.094,0.154
